5033	NA	1942	5586.18
6155	NA	1942	3358.49
6455	NA	1942	5341.47
7695	NA	1942	4689.71
8665	NA	1942	3369.48
8734	NA	1942	3422.06
620	NA	1947	1269.13
4926	NA	1947	1294.35
4927	NA	1947	1838.46
5023	NA	1947	914.38
5028	NA	1947	1144.03
5032	NA	1947	1267.72
5905	NA	1947	2265.27
618	NA	1948	378.9
621	NA	1948	823.02
4762	NA	1948	752.02
4928	NA	1948	522.12
5019	NA	1948	727.55
5020	NA	1948	503.82
5022	NA	1948	1217.4
5024	NA	1948	869.88
5025	NA	1948	589.03
5026	NA	1948	536.37
5029	NA	1948	760.18
5031	NA	1948	436.19
5035	NA	1948	649.74
5036	NA	1948	1111.56
5037	NA	1948	988.13
6175	NA	1948	838.94
6962	NA	1948	645.39
8238	NA	1948	662.02
9141	NA	1948	552.66
9142	NA	1948	593.36
9595	NA	1948	635.22
9969	NA	1948	610.89
10033	NA	1948	457.92
10038	NA	1948	218.39
10039	NA	1948	1237.27
11146	NA	1948	1009.33
11728	NA	1948	1147.28
11729	NA	1948	611.33
11730	NA	1948	1325.72
11731	NA	1948	923.19
11733	NA	1948	611.57
11735	NA	1948	593.89
11738	NA	1948	1087.87
11768	NA	1948	2120.81
11769	NA	1948	698.11
11770	NA	1948	613.03
11772	NA	1948	723.18
11773	NA	1948	2771.25
11774	NA	1948	1898.91
11775	NA	1948	456.16
11776	NA	1948	563.24
11780	NA	1948	534.64
11782	NA	1948	896.05
11784	NA	1948	445.4
11785	NA	1948	797.93
11786	NA	1948	829.34
11886	NA	1948	1604.72
11927	NA	1948	1058.87
11928	NA	1948	1439.24
3802	NA	1949	674.29
3813	NA	1949	330.98
3830	NA	1949	429.89
7111	NA	1949	446.45
7360	NA	1949	962.83
10264	NA	1949	416.31
10847	NA	1949	73.77
11581	NA	1949	236.77
660	NA	1950	353.8
676	NA	1950	404.66
3706	NA	1951	475.22
4715	NA	1951	455.84
4734	NA	1951	605.2
5824	NA	1951	287.73
9223	NA	1951	580.85
9973	NA	1951	652.51
9974	NA	1951	402.81
4968	NA	1952	1198.71
4971	NA	1952	634.36
4973	NA	1952	757.21
5139	NA	1953	331.81
5149	NA	1953	718.31
5150	NA	1953	572.37
7498	NA	1953	609.29
9210	NA	1953	232.13
4678	NA	1954	819.45
4735	NA	1954	984.08
623	NA	1956	422.9
4757	NA	1956	316.93
4758	NA	1956	470.48
4759	NA	1956	796.21
4761	NA	1956	339.16
4929	NA	1956	351.23
5030	NA	1956	646.56
6177	NA	1956	300.15
6963	NA	1956	1063.98
6964	NA	1956	774.43
6965	NA	1956	282.26
6966	NA	1956	491.26
8240	NA	1956	1036.8
8242	NA	1956	277.87
8244	NA	1956	208.05
8246	NA	1956	524.4
8247	NA	1956	698.9
8248	NA	1956	303.79
8249	NA	1956	651.6
8250	NA	1956	748.93
8251	NA	1956	504.71
8252	NA	1956	430.93
8254	NA	1956	358.16
8255	NA	1956	743.38
8257	NA	1956	345.78
8259	NA	1956	401.94
8260	NA	1956	632.26
8264	NA	1956	929.36
8265	NA	1956	149.67
8269	NA	1956	544.06
8275	NA	1956	513.3
8276	NA	1956	309.43
8282	NA	1956	361.95
8285	NA	1956	340.31
8288	NA	1956	452.45
8291	NA	1956	354.74
8302	NA	1956	327.95
8304	NA	1956	844.26
8305	NA	1956	275.78
8310	NA	1956	447.2
8311	NA	1956	286.01
8667	NA	1956	623.9
10032	NA	1956	323.61
11113	NA	1956	359.22
11732	NA	1956	349.34
11734	NA	1956	360.69
11736	NA	1956	581.6
11737	NA	1956	318.12
11739	NA	1956	788.86
11771	NA	1956	469.33
11777	NA	1956	335.13
11778	NA	1956	285.41
11779	NA	1956	411.17
11781	NA	1956	401.71
11783	NA	1956	197.22
11787	NA	1956	591.36
4760	NA	1964	203.53
6169	NA	1964	162.43
6171	NA	1964	192.48
6173	NA	1964	243.69
6176	NA	1964	204.94
6179	NA	1964	482.31
6967	NA	1964	340.74
6968	NA	1964	207.58
6969	NA	1964	221.24
6973	NA	1964	467.56
6974	NA	1964	277.12
6979	NA	1964	76.15
7508	NA	1964	290.53
8236	NA	1964	88.22
8241	NA	1964	285.86
8243	NA	1964	218.61
8256	NA	1964	220.16
8268	NA	1964	533.1
8270	NA	1964	229.69
8271	NA	1964	327.19
8272	NA	1964	287.77
8273	NA	1964	246.12
8274	NA	1964	330.34
8278	NA	1964	339.27
8279	NA	1964	326.93
8281	NA	1964	141.21
8284	NA	1964	223.09
8286	NA	1964	294.24
8287	NA	1964	204.71
8293	NA	1964	106.07
8300	NA	1964	293.33
8303	NA	1964	363.72
8306	NA	1964	315.51
8308	NA	1964	150.79
8312	NA	1964	185.86
8595	NA	1964	185.94
9204	NA	1964	243.5
9255	NA	1964	307.73
622	NA	1973	158.41
8258	NA	1973	358.74
3577	NA	2029	1618.46
3416	NA	2033	1095.63
3417	NA	2033	855.58
3418	NA	2033	1337.7
3420	NA	2033	1687.32
3422	NA	2033	1520.58
3423	NA	2033	1435.86
3425	NA	2033	1742.52
3427	NA	2033	1202.33
3428	NA	2033	1637.32
3429	NA	2033	2346.23
5227	NA	2033	1182.94
7363	NA	2033	970.96
1152	NA	2036	1160.08
3886	NA	2036	771.66
4042	NA	2036	1012.61
4746	NA	2036	196.77
5641	NA	2036	1395.91
5766	NA	2036	240.51
5767	NA	2036	324.48
6750	NA	2036	289.97
6754	NA	2036	424.44
6762	NA	2036	604.32
6945	NA	2036	549.23
7385	NA	2036	744.51
7560	NA	2036	309.81
8321	NA	2036	705.8
9225	NA	2036	528.82
9232	NA	2036	302.01
9623	NA	2036	469.26
10150	NA	2036	324.97
10886	NA	2036	298.89
10887	NA	2036	320.35
10888	NA	2036	230.63
4768	NA	2038	712.92
4771	NA	2038	482.2
4948	NA	2038	564.68
6982	NA	2038	933.29
6983	NA	2038	641.72
6984	NA	2038	551.78
6985	NA	2038	347.33
6989	NA	2038	294.06
8325	NA	2038	393.07
8327	NA	2038	472.04
8328	NA	2038	379.86
8330	NA	2038	683.09
8332	NA	2038	270.23
8334	NA	2038	671.24
8339	NA	2038	428.97
8340	NA	2038	368.51
8341	NA	2038	581.77
8343	NA	2038	330.45
8344	NA	2038	464.09
8345	NA	2038	183.32
8348	NA	2038	565.56
8936	NA	2038	441.53
9095	NA	2038	486.39
9326	NA	2038	366.59
9341	NA	2038	174.39
9980	NA	2038	478.98
10041	NA	2038	441.14
10066	NA	2038	362.48
11503	NA	2038	535.83
11788	NA	2038	287.69
11789	NA	2038	402.37
11790	NA	2038	311.36
11792	NA	2038	599.6
11793	NA	2038	505.8
11794	NA	2038	497.52
11798	NA	2038	452.57
11799	NA	2038	559.83
12022	NA	2038	157.52
4769	NA	2042	292.81
6183	NA	2042	282.17
6187	NA	2042	177.14
6990	NA	2042	268.59
6991	NA	2042	125.83
6992	NA	2042	114.15
6993	NA	2042	212.09
6995	NA	2042	225.28
8326	NA	2042	265.16
8329	NA	2042	465.05
8335	NA	2042	167.96
8336	NA	2042	268.84
8347	NA	2042	175.9
9325	NA	2042	218.25
11504	NA	2042	299.57
11505	NA	2042	299.57
11506	NA	2042	299.57
11791	NA	2042	402.12
4951	NA	2047	115.74
6999	NA	2047	137.39
8337	NA	2047	327.99
10067	NA	2047	163.76
3587	NA	2085	3450.05
2059	NA	2087	1729.35
2091	NA	2087	2467.68
2092	NA	2087	745.64
5044	NA	2087	611.66
5047	NA	2087	1263.95
6954	NA	2087	2621.61
7524	NA	2087	4609.38
2084	NA	2088	1051.62
2086	NA	2088	1295.85
2093	NA	2088	1211.33
2095	NA	2088	1610.71
4776	NA	2088	547.2
4955	NA	2088	701.3
5045	NA	2088	2494.3
5046	NA	2088	1761.79
5048	NA	2088	3213.55
5981	NA	2088	764.71
6193	NA	2088	396.9
6885	NA	2088	808.61
6889	NA	2088	479.69
7000	NA	2088	936.56
7002	NA	2088	801.58
7808	NA	2088	1545.82
8371	NA	2088	1071.48
8428	NA	2088	270.61
8433	NA	2088	1721.88
9102	NA	2088	1150.54
9808	NA	2088	612.14
10074	NA	2088	794.12
10284	NA	2088	1280.65
10711	NA	2088	1813.79
11667	NA	2088	1870.35
11801	NA	2088	2812.44
11802	NA	2088	849.45
11804	NA	2088	302.05
5090	NA	2090	1599.01
5092	NA	2090	789.94
2051	NA	2094	590.11
2053	NA	2094	967.13
2055	NA	2094	300.88
2056	NA	2094	528.48
2058	NA	2094	391.06
2083	NA	2094	462.46
2085	NA	2094	610.87
5051	NA	2094	656.01
5160	NA	2094	262.81
5899	NA	2094	358.25
6199	NA	2094	722.44
6200	NA	2094	1961.17
6486	NA	2094	272.69
6886	NA	2094	553.6
7001	NA	2094	1171.27
7003	NA	2094	1855.55
7004	NA	2094	768.35
7005	NA	2094	391.08
7006	NA	2094	526.49
7007	NA	2094	330.98
7008	NA	2094	342.61
7009	NA	2094	186.29
7010	NA	2094	526.97
8354	NA	2094	1227.27
8355	NA	2094	371.88
8356	NA	2094	368.77
8357	NA	2094	652.84
8358	NA	2094	771.35
8359	NA	2094	274.16
8360	NA	2094	607.91
8361	NA	2094	317.4
8362	NA	2094	256.01
8363	NA	2094	278.09
8365	NA	2094	606.99
8366	NA	2094	515.78
8368	NA	2094	388.88
8370	NA	2094	434.25
8377	NA	2094	278.98
8378	NA	2094	521.45
8381	NA	2094	1549.86
8382	NA	2094	902.69
8383	NA	2094	1761.46
8386	NA	2094	603.58
8398	NA	2094	700.84
8400	NA	2094	794.33
8406	NA	2094	333.92
8410	NA	2094	1150.07
8414	NA	2094	634.17
8416	NA	2094	407.29
8418	NA	2094	367.55
8423	NA	2094	930.77
8425	NA	2094	762.87
8430	NA	2094	983.93
8431	NA	2094	349.17
8432	NA	2094	524.37
8434	NA	2094	347.45
8435	NA	2094	519.89
8436	NA	2094	650.11
8437	NA	2094	635.37
8446	NA	2094	884.1
8453	NA	2094	430.6
9097	NA	2094	807.7
9098	NA	2094	991.29
9100	NA	2094	535.73
9101	NA	2094	408.41
9841	NA	2094	550.11
9842	NA	2094	233.04
10454	NA	2094	109.3
10668	NA	2094	460.12
10673	NA	2094	472.13
10676	NA	2094	421.71
11719	NA	2094	426.27
4773	NA	2097	2506.02
9110	NA	2097	973.81
2052	NA	2101	232.12
2089	NA	2101	187.47
2096	NA	2101	468.94
4777	NA	2101	87.43
4954	NA	2101	412.19
5162	NA	2101	133.45
6192	NA	2101	240.11
6194	NA	2101	526.89
6196	NA	2101	302.03
6197	NA	2101	217.48
6887	NA	2101	307.88
6890	NA	2101	472.01
7011	NA	2101	335.03
7013	NA	2101	315.5
7014	NA	2101	518.86
7015	NA	2101	234.85
7075	NA	2101	194.22
8353	NA	2101	954.73
8364	NA	2101	252.45
8367	NA	2101	267.42
8372	NA	2101	166.05
8374	NA	2101	902.15
8375	NA	2101	236.74
8379	NA	2101	416.58
8380	NA	2101	1620.25
8384	NA	2101	472.8
8388	NA	2101	378.61
8389	NA	2101	88.3
8390	NA	2101	141.55
8393	NA	2101	193.47
8397	NA	2101	158.33
8399	NA	2101	329.53
8401	NA	2101	180.84
8402	NA	2101	112.67
8407	NA	2101	85.58
8411	NA	2101	753.01
8413	NA	2101	496.95
8419	NA	2101	177.25
8421	NA	2101	147.74
8427	NA	2101	466.7
8429	NA	2101	414.06
8438	NA	2101	268.24
8439	NA	2101	257.02
8442	NA	2101	298.41
8444	NA	2101	339.8
8445	NA	2101	172.76
8447	NA	2101	381.3
8450	NA	2101	88.93
8451	NA	2101	371.46
8452	NA	2101	135.57
9039	NA	2101	239.7
9840	NA	2101	103.42
10099	NA	2101	423.26
10460	NA	2101	532.6
10667	NA	2101	347.23
10669	NA	2101	209.42
10712	NA	2101	194.87
11061	NA	2101	140.68
4775	NA	2107	261.85
4956	NA	2107	67.04
6202	NA	2107	84.36
7017	NA	2107	160.63
7020	NA	2107	148.88
7021	NA	2107	299.81
7022	NA	2107	160.18
8391	NA	2107	100.35
8394	NA	2107	96.68
8395	NA	2107	43.82
8403	NA	2107	97.5
8405	NA	2107	50.42
8408	NA	2107	55.95
8440	NA	2107	180.8
8443	NA	2107	302.58
6165	NA	2149	4775.96
5054	NA	2153	2596.44
5056	NA	2153	1341.39
5057	NA	2153	1524.44
5063	NA	2153	1441.32
5104	NA	2153	2559.98
6487	NA	2153	1794.24
6488	NA	2153	1142.39
2195	NA	2154	736.77
2225	NA	2154	1686.8
4957	NA	2154	1520.96
4958	NA	2154	1154.3
5055	NA	2154	1235.47
5059	NA	2154	974.4
5060	NA	2154	1213.28
5065	NA	2154	834.7
5105	NA	2154	455.51
6204	NA	2154	707
6211	NA	2154	733.96
7024	NA	2154	2595.11
7025	NA	2154	595.3
7026	NA	2154	1251.34
7937	NA	2154	3157.57
8120	NA	2154	4067.47
8465	NA	2154	2429.64
8471	NA	2154	2192.31
8481	NA	2154	1536.02
8483	NA	2154	545.79
9637	NA	2154	1123.53
10232	NA	2154	2018.84
10411	NA	2154	3156.38
11062	NA	2154	4403.32
11235	NA	2154	2320.49
11720	NA	2154	2989.49
11751	NA	2154	1559.34
11806	NA	2154	1494.11
11807	NA	2154	1780.62
11813	NA	2154	796.71
11814	NA	2154	936.69
3613	NA	2157	69.8
5061	NA	2157	667.49
5067	NA	2157	1060.1
6206	NA	2157	673.06
6209	NA	2157	989.55
6210	NA	2157	1356.06
7027	NA	2157	1287.34
7028	NA	2157	474.15
7030	NA	2157	173.11
8454	NA	2157	351.79
8456	NA	2157	1467.19
8457	NA	2157	910.72
8459	NA	2157	279.93
8460	NA	2157	715.31
8464	NA	2157	366.14
8470	NA	2157	276.47
8472	NA	2157	765.44
8473	NA	2157	685.77
8474	NA	2157	1380.65
8475	NA	2157	334.35
8476	NA	2157	837.78
8477	NA	2157	506.14
8478	NA	2157	1391.32
8479	NA	2157	135.13
8480	NA	2157	1127.56
8482	NA	2157	461.01
8484	NA	2157	277.15
8486	NA	2157	1382
8487	NA	2157	283.81
10289	NA	2157	450.31
10412	NA	2157	383.44
10677	NA	2157	372.86
10678	NA	2157	280.19
10686	NA	2157	584.87
11163	NA	2157	611.33
11236	NA	2157	568
11237	NA	2157	338.09
11238	NA	2157	226.46
11240	NA	2157	319.95
11241	NA	2157	735.95
11242	NA	2157	398.96
11243	NA	2157	332.38
11809	NA	2157	607.27
11812	NA	2157	930.62
4959	NA	2162	281.73
6208	NA	2162	231.84
6213	NA	2162	175.99
7029	NA	2162	150.11
7032	NA	2162	246.35
7033	NA	2162	309.89
8458	NA	2162	206.28
8485	NA	2162	302.67
10341	NA	2162	360.08
3612	NA	2167	273.17
6205	NA	2167	95.97
8185	NA	2178	17.02
8620	NA	2178	58.76
9057	NA	2178	23.86
10683	NA	2178	16.48
11205	NA	2178	26.18
11509	NA	2178	22.14
11512	NA	2178	4.84
12029	NA	2178	3.87
2595	NA	2201	7260.57
5274	NA	2201	9676.51
6167	NA	2201	5905.42
6216	NA	2201	3709.08
6704	NA	2201	4771.97
8123	NA	2201	5957.39
8954	NA	2201	4879.38
3637	NA	2204	3901.47
3638	NA	2204	4002.91
2621	NA	2207	2999.62
4965	NA	2207	1680.41
5074	NA	2207	1386.78
5322	NA	2207	1069.99
6142	NA	2207	1634.94
2605	NA	2208	1569.99
2608	NA	2208	334.22
2609	NA	2208	945.56
2610	NA	2208	802.25
2615	NA	2208	501.04
4963	NA	2208	672.28
5073	NA	2208	1489.32
5075	NA	2208	2250.29
5076	NA	2208	1088.63
5077	NA	2208	4858.44
7035	NA	2208	1550.88
8506	NA	2208	910.15
8523	NA	2208	676.21
8534	NA	2208	953.36
8541	NA	2208	944.26
8542	NA	2208	1169.4
8543	NA	2208	507.45
8548	NA	2208	662.6
8559	NA	2208	1101.36
8560	NA	2208	936.62
9216	NA	2208	912.07
9270	NA	2208	975.31
9328	NA	2208	764.65
9640	NA	2208	1828.72
9890	NA	2208	661.5
10197	NA	2208	842.22
10753	NA	2208	1048.43
11124	NA	2208	877.79
11125	NA	2208	770.59
11126	NA	2208	657.33
11209	NA	2208	818.86
11555	NA	2208	1103.05
11566	NA	2208	2927.82
11760	NA	2208	1304.93
11761	NA	2208	702.68
11762	NA	2208	860.96
11816	NA	2208	1997.84
11817	NA	2208	1479.02
11818	NA	2208	438.12
11819	NA	2208	311.57
11906	NA	2208	1011.31
11949	NA	2208	4003.02
6597	NA	2209	492.39
9335	NA	2209	339.83
2607	NA	2211	1370.56
2611	NA	2211	1289.55
2613	NA	2211	362.4
2616	NA	2211	634.95
2619	NA	2211	510.83
5070	NA	2211	997.43
7036	NA	2211	1208.08
7037	NA	2211	596.93
7038	NA	2211	578.89
7039	NA	2211	814.61
7040	NA	2211	531.48
7041	NA	2211	724.98
7042	NA	2211	651.84
7043	NA	2211	301.9
7045	NA	2211	259.23
7047	NA	2211	311.19
8490	NA	2211	1253.38
8491	NA	2211	1156.25
8492	NA	2211	730.27
8493	NA	2211	894.1
8494	NA	2211	380.06
8495	NA	2211	533.68
8496	NA	2211	935.62
8497	NA	2211	766.42
8498	NA	2211	948
8499	NA	2211	361.87
8500	NA	2211	703.6
8503	NA	2211	1400.33
8509	NA	2211	391.28
8510	NA	2211	497.92
8512	NA	2211	421.45
8513	NA	2211	619.11
8514	NA	2211	651.35
8516	NA	2211	433.28
8518	NA	2211	544.4
8521	NA	2211	266.29
8524	NA	2211	672.7
8527	NA	2211	629.24
8529	NA	2211	531.96
8530	NA	2211	497.91
8532	NA	2211	265.76
8537	NA	2211	695.08
8539	NA	2211	257.21
8546	NA	2211	624.23
8550	NA	2211	429.07
8551	NA	2211	746.56
8554	NA	2211	593.96
8558	NA	2211	356.26
8952	NA	2211	751.34
8968	NA	2211	281.46
8969	NA	2211	798.26
8989	NA	2211	914.01
9106	NA	2211	387.14
9269	NA	2211	215.47
9327	NA	2211	519.42
9370	NA	2211	373.38
9641	NA	2211	177.64
9836	NA	2211	1592.15
10023	NA	2211	537.74
10072	NA	2211	314.65
10237	NA	2211	663.1
10979	NA	2211	185.03
11127	NA	2211	436.07
11228	NA	2211	341.64
11815	NA	2211	532.18
2620	NA	2213	257.62
6215	NA	2213	630.2
7048	NA	2213	323.53
7050	NA	2213	270.97
7051	NA	2213	462.16
7052	NA	2213	298.78
7053	NA	2213	309.63
7054	NA	2213	273.6
7056	NA	2213	214.84
8501	NA	2213	280.22
8502	NA	2213	780.33
8504	NA	2213	401.06
8505	NA	2213	290.01
8507	NA	2213	545.62
8515	NA	2213	334.12
8517	NA	2213	262.48
8519	NA	2213	371.16
8520	NA	2213	306.56
8533	NA	2213	455.33
8535	NA	2213	892.85
8540	NA	2213	266.34
8545	NA	2213	349.16
8547	NA	2213	626.49
8552	NA	2213	390.16
8553	NA	2213	221.84
8555	NA	2213	448.54
8556	NA	2213	182.25
8557	NA	2213	639.5
8949	NA	2213	271.88
8951	NA	2213	221.49
8970	NA	2213	214.37
9042	NA	2213	329.24
9217	NA	2213	348.34
11042	NA	2213	279.24
11516	NA	2213	406.83
10304	NA	2214	189.15
10305	NA	2214	154.71
11755	NA	2214	106.67
11757	NA	2214	130.47
7057	NA	2215	289.21
7058	NA	2215	488.53
7059	NA	2215	179.26
7060	NA	2215	394.55
8522	NA	2215	263.03
8528	NA	2215	181.13
9075	NA	2216	48.81
10426	NA	2216	85.75
11090	NA	2216	66.12
11214	NA	2216	18
11215	NA	2216	137.12
11216	NA	2216	22.1
11285	NA	2216	141.75
11553	NA	2216	34.5
11556	NA	2216	98.34
11714	NA	2216	58.93
11767	NA	2216	14.83
3593	NA	2235	1470.04
6830	NA	2311	2336.9
7372	NA	2311	2287.23
7373	NA	2311	584.22
7374	NA	2311	1163.76
7375	NA	2311	1161.21
7376	NA	2311	810.37
7378	NA	2311	1250.75
7379	NA	2311	1767.89
7380	NA	2311	856.28
7381	NA	2311	1005.56
7382	NA	2311	1592.53
7383	NA	2311	712.89
11250	NA	2311	949.74
1047	NA	2312	1638.97
6832	NA	2312	767.2
7386	NA	2312	2413.87
7389	NA	2312	1039.86
7390	NA	2312	1041.4
7391	NA	2312	349.83
7392	NA	2312	1379.02
7393	NA	2312	1238.64
7394	NA	2312	1172.36
7395	NA	2312	1008.08
7396	NA	2312	394.81
7397	NA	2312	1005.84
7399	NA	2312	938.39
7401	NA	2312	804.44
7403	NA	2312	985.82
7409	NA	2312	501.55
8125	NA	2312	1023.15
8167	NA	2312	472.39
8686	NA	2312	588.15
7412	NA	2313	1123.5
8946	NA	2313	1285.58
11564	NA	2313	627.21
2128	NA	2314	5228.46
6854	NA	2314	2063.64
7413	NA	2314	3479.11
10410	NA	2314	2311.72
2500	NA	2315	2258.39
2501	NA	2315	1843.83
7415	NA	2315	2153.82
7416	NA	2315	2461.59
7417	NA	2315	2521.62
7418	NA	2315	973.99
8834	NA	2315	1048.02
9881	NA	2315	1071.9
10017	NA	2315	694.56
10071	NA	2315	814.91
10414	NA	2315	1184.99
10722	NA	2315	1222.72
10750	NA	2315	904.4
11093	NA	2315	956.51
11870	NA	2315	692.43
11948	NA	2315	1095.26
617	NA	2316	2745.09
619	NA	2316	1723.79
4763	NA	2316	3380.32
5021	NA	2316	1519.97
6680	NA	2316	969.5
7420	NA	2316	2049.72
8666	NA	2316	2062.77
9050	NA	2316	2000.16
3413	NA	2317	1892.76
3415	NA	2317	2345.07
3419	NA	2317	2655.2
3426	NA	2317	2092.35
2050	NA	2319	2612.81
3597	NA	2319	4204.75
4774	NA	2319	4583.77
6692	NA	2319	1999.66
9144	NA	2319	1848.55
2191	NA	2321	6167.65
7156	NA	2321	3693.68
8469	NA	2321	5778.01
2617	NA	2322	6071.61
6576	NA	2322	3727.52
439	NA	2388	7.17
511	NA	2388	10.82
10263	NA	2388	0.24
11068	NA	2388	38.98
11217	NA	2389	153.79
11218	NA	2389	40.51
5396	NA	2408	99.4
5509	NA	2408	72.18
5510	NA	2408	207.8
5511	NA	2408	653.98
5512	NA	2408	38.95
5513	NA	2408	24.27
5514	NA	2408	88.68
5515	NA	2408	391.81
5517	NA	2408	59.32
5518	NA	2408	101.77
5519	NA	2408	62.44
5520	NA	2408	153.51
5521	NA	2408	91.76
5522	NA	2408	14.26
5524	NA	2408	62.55
5525	NA	2408	130.95
5526	NA	2408	563.91
5576	NA	2408	218.02
5577	NA	2408	194.47
5578	NA	2408	46.41
5579	NA	2408	556.42
5580	NA	2408	119.89
5723	NA	2408	24.27
5724	NA	2408	425.32
5725	NA	2408	33.56
5726	NA	2408	83.24
5727	NA	2408	91.2
5728	NA	2408	27.51
5729	NA	2408	381.83
5730	NA	2408	46.53
5731	NA	2408	257.61
5733	NA	2408	37.08
5734	NA	2408	56.38
5735	NA	2408	86.49
5736	NA	2408	221.77
5804	NA	2408	120.57
7187	NA	2408	121.63
12108	NA	2408	154.68
5582	NA	2428	578.71
5583	NA	2428	384.04
5584	NA	2428	420.8
6541	NA	2428	689.12
8600	NA	2428	867.35
9902	NA	2461	50.83
10175	NA	2476	21.61
10278	NA	2476	61.02
10420	NA	2476	13.72
10805	NA	2476	44.38
10966	NA	2476	40.9
11103	NA	2476	30.34
11157	NA	2476	19.62
11274	NA	2476	18.98
11275	NA	2476	12.4
11278	NA	2476	34.99
8200	NA	2509	50.83
10216	NA	2509	62.27
10217	NA	2509	207.75
5912	NA	2510	90.63
9193	NA	2510	46.62
11563	NA	2510	49.28
5863	NA	2511	69.06
5864	NA	2511	190.67
11712	NA	2511	120.4
5931	NA	2512	5.89
10340	NA	2512	256.8
12031	NA	2512	186.8
11128	NA	2530	3350.76
11759	NA	2530	6703.74
8738	NA	2799	4137.14
7078	NA	2800	585.71
6627	NA	2819	359.27
317	NA	2831	201.77
318	NA	2831	88.15
405	NA	2831	126.24
7610	NA	2831	60.28
10163	NA	2831	58.46
496	NA	2832	22.98
5171	NA	2832	49.32
7584	NA	2832	26.52
11220	NA	2832	37.29
324	NA	2833	238.36
336	NA	2833	92.77
375	NA	2833	33.06
487	NA	2833	47.59
491	NA	2833	110.7
579	NA	2833	111.53
681	NA	2833	93.75
688	NA	2833	173.68
3402	NA	2833	284.21
4791	NA	2833	35.64
4887	NA	2833	52.54
5119	NA	2833	78.2
6152	NA	2833	76.4
7071	NA	2833	82.54
7265	NA	2833	53.03
7267	NA	2833	30.12
7510	NA	2833	45.81
8735	NA	2833	69.8
9180	NA	2833	120.57
9587	NA	2833	194.66
9592	NA	2833	58.98
10161	NA	2833	78.76
10166	NA	2833	186.59
10168	NA	2833	178.62
10257	NA	2833	47.98
10262	NA	2833	99.89
10324	NA	2833	94.12
10361	NA	2833	72.75
10363	NA	2833	66.84
10367	NA	2833	84.79
10846	NA	2833	67.81
10954	NA	2833	36.82
10993	NA	2833	61.05
11100	NA	2833	50.31
11142	NA	2833	43.57
11143	NA	2833	78.26
11144	NA	2833	72.32
11497	NA	2833	92.47
11822	NA	2833	141.42
11914	NA	2833	105.56
11967	NA	2833	108.8
356	NA	2834	87.3
435	NA	2834	36.13
582	NA	2834	28.94
5904	NA	2834	9.91
5965	NA	2834	24.14
6237	NA	2834	87.25
7464	NA	2834	146.48
7552	NA	2834	34.57
7553	NA	2834	57.76
7608	NA	2834	73.21
7636	NA	2834	17.58
7657	NA	2834	36.8
7658	NA	2834	83.05
8161	NA	2834	58.33
8164	NA	2834	32.33
8233	NA	2834	35.36
8234	NA	2834	24.06
8629	NA	2834	47.25
9002	NA	2834	51.09
10031	NA	2834	281.82
10360	NA	2834	69.17
10699	NA	2834	44.66
11021	NA	2834	45.51
11065	NA	2834	97.86
11097	NA	2834	67.1
11628	NA	2834	61.87
11642	NA	2834	33.02
11908	NA	2834	34.13
9067	NA	2835	38.01
9167	NA	2835	24.47
9337	NA	2835	78.06
10130	NA	2835	23.09
10359	NA	2835	27.25
10362	NA	2835	67.16
10439	NA	2835	39.12
10767	NA	2835	21.21
11889	NA	2835	34.5
943	NA	2836	190.14
1199	NA	2836	219.99
10223	NA	2836	63.95
10798	NA	2836	67.88
11074	NA	2836	67.07
901	NA	2837	43.47
902	NA	2837	73.5
921	NA	2837	132.86
938	NA	2837	52.23
951	NA	2837	97.6
1105	NA	2837	45.47
1134	NA	2837	79.35
1203	NA	2837	92.29
3410	NA	2837	94.31
3536	NA	2837	238.87
3537	NA	2837	53.27
3540	NA	2837	52.34
3544	NA	2837	39.6
3546	NA	2837	84.67
4035	NA	2837	123.8
4673	NA	2837	62.18
4787	NA	2837	132.58
5222	NA	2837	189.63
5826	NA	2837	119.23
6367	NA	2837	76.05
6369	NA	2837	171.36
6374	NA	2837	73.54
6394	NA	2837	103.44
6903	NA	2837	61.92
7268	NA	2837	45.62
7615	NA	2837	49.76
8112	NA	2837	133.51
8945	NA	2837	87.92
9004	NA	2837	146.96
9233	NA	2837	88.16
9977	NA	2837	125.25
10221	NA	2837	75.45
10449	NA	2837	28.21
10774	NA	2837	89.37
10998	NA	2837	41.01
11025	NA	2837	12.53
11071	NA	2837	37.99
11075	NA	2837	21.73
11149	NA	2837	116.96
11154	NA	2837	26.04
11498	NA	2837	175.24
11500	NA	2837	45.21
11645	NA	2837	94.94
11660	NA	2837	77.14
11893	NA	2837	1
11976	NA	2837	44.26
11978	NA	2837	34.62
12015	NA	2837	23.14
947	NA	2838	76.51
1138	NA	2838	35.62
7515	NA	2838	17.31
9154	NA	2838	16.48
10086	NA	2838	9.7
10773	NA	2838	38.4
10775	NA	2838	15
11663	NA	2838	14.53
11709	NA	2838	26.83
12023	NA	2838	23.21
1671	NA	2839	58.46
1672	NA	2839	90
1973	NA	2839	172.46
2114	NA	2839	90.38
2115	NA	2839	172.62
7096	NA	2839	33.9
9163	NA	2839	47.49
9170	NA	2839	91.83
9173	NA	2839	62.38
9174	NA	2839	85.17
10804	NA	2839	136.27
10964	NA	2839	186.57
11106	NA	2839	388.86
1688	NA	2840	126.51
1783	NA	2840	62.62
1945	NA	2840	63.8
2071	NA	2840	143.61
3388	NA	2840	105.29
4894	NA	2840	167.03
4910	NA	2840	157.85
6401	NA	2840	115.2
7098	NA	2840	105.75
7181	NA	2840	211.54
9867	NA	2840	164.39
11277	NA	2840	192.85
11711	NA	2840	64.43
12027	NA	2840	230
1650	NA	2841	92.59
1851	NA	2841	139.69
1921	NA	2841	140.61
2117	NA	2841	105.79
4899	NA	2841	62.9
4904	NA	2841	125.77
4905	NA	2841	118.64
6722	NA	2841	107.36
6764	NA	2841	74.48
7137	NA	2841	144.17
7228	NA	2841	134.84
7229	NA	2841	137.05
7529	NA	2841	80.93
8220	NA	2841	110.42
9162	NA	2841	154.96
9957	NA	2841	136.24
10226	NA	2841	43.59
10282	NA	2841	152.72
11105	NA	2841	54.64
11611	NA	2841	108.73
11743	NA	2841	60.15
11896	NA	2841	52
11897	NA	2841	51.2
11917	NA	2841	49.62
1662	NA	2842	159.3
1734	NA	2842	292.91
1742	NA	2842	97.47
1967	NA	2842	148.74
1976	NA	2842	156.71
4754	NA	2842	151.95
4892	NA	2842	136.85
4893	NA	2842	49.2
4898	NA	2842	56.32
5994	NA	2842	175.28
6304	NA	2842	142.64
6695	NA	2842	170.92
6696	NA	2842	132.11
6925	NA	2842	85.83
7141	NA	2842	95.56
7143	NA	2842	89.75
7146	NA	2842	155.54
7150	NA	2842	80.86
7151	NA	2842	65.9
7178	NA	2842	148.57
7182	NA	2842	199.28
7184	NA	2842	43.53
7185	NA	2842	242.26
7218	NA	2842	146.59
7223	NA	2842	122.52
7224	NA	2842	98.6
7225	NA	2842	115.45
7226	NA	2842	91.86
7230	NA	2842	160.94
9834	NA	2842	21.6
9895	NA	2842	189.81
10228	NA	2842	135.99
10382	NA	2842	27.77
10452	NA	2842	249.22
10708	NA	2842	129.1
10963	NA	2842	150.21
11121	NA	2842	127.46
11273	NA	2842	58.32
11276	NA	2842	38.33
11664	NA	2842	108.58
12024	NA	2842	54.38
12026	NA	2842	11.29
1714	NA	2843	430.71
1955	NA	2843	14.35
1983	NA	2843	37.09
1999	NA	2843	7.94
2020	NA	2843	60.17
2074	NA	2843	52.98
5155	NA	2843	55.19
5175	NA	2843	335.38
6881	NA	2843	52.34
7154	NA	2843	68.38
7232	NA	2843	98.97
7681	NA	2843	302.77
9866	NA	2843	10.83
10135	NA	2843	88.33
10138	NA	2843	49.7
10207	NA	2843	14.14
10803	NA	2843	98.39
10806	NA	2843	6.95
11030	NA	2843	56.01
11077	NA	2843	74.61
11156	NA	2843	9.9
11189	NA	2843	37.32
2167	NA	2844	51.29
2186	NA	2844	63.61
6247	NA	2844	121.73
6321	NA	2844	225.78
8623	NA	2844	90.54
10786	NA	2844	76.3
11678	NA	2844	64.35
11988	NA	2844	2.34
2126	NA	2845	113.27
2163	NA	2845	83.94
2164	NA	2845	34
2203	NA	2845	45.46
6316	NA	2845	87.17
6417	NA	2845	122.48
6765	NA	2845	130.01
9366	NA	2845	83.22
10181	NA	2845	143.01
10286	NA	2845	123.14
10812	NA	2845	133.98
11514	NA	2845	46.21
11633	NA	2845	53.4
11670	NA	2845	64.38
11837	NA	2845	108
1643	NA	2846	30.08
2148	NA	2846	93.53
2165	NA	2846	99.65
2178	NA	2846	89.74
3391	NA	2846	32.53
6141	NA	2846	100.68
7588	NA	2846	37.63
7589	NA	2846	139.83
7671	NA	2846	34.4
7674	NA	2846	105.72
7675	NA	2846	159.01
8640	NA	2846	105.34
8832	NA	2846	146.38
10684	NA	2846	36.22
10716	NA	2846	41.55
10811	NA	2846	78.92
11135	NA	2846	81.87
11207	NA	2846	12
11750	NA	2846	49.46
12030	NA	2846	14.88
2146	NA	2847	135.84
2245	NA	2847	167.96
2246	NA	2847	70.65
3554	NA	2847	20.01
3557	NA	2847	14.63
3560	NA	2847	80.76
5573	NA	2847	28.94
6919	NA	2847	42.37
6920	NA	2847	38.21
7347	NA	2847	113.21
7536	NA	2847	11.99
7538	NA	2847	50.81
7539	NA	2847	207.91
7581	NA	2847	65.3
10143	NA	2847	198.49
10918	NA	2847	122.15
11161	NA	2847	161.26
11162	NA	2847	70.59
11766	NA	2847	77.01
11835	NA	2847	104.2
11836	NA	2847	58
11838	NA	2847	95.62
11902	NA	2847	12
11987	NA	2847	5.83
2229	NA	2848	36.1
3556	NA	2848	34.49
6315	NA	2848	21.53
6418	NA	2848	26.41
6452	NA	2848	182.13
7542	NA	2848	3.03
7544	NA	2848	25.4
7546	NA	2848	48.6
7684	NA	2848	273.42
8114	NA	2848	88.47
8184	NA	2848	5.58
10233	NA	2848	18.61
10714	NA	2848	13.31
11165	NA	2848	17.13
2487	NA	2849	115.28
8568	NA	2849	97.94
9043	NA	2849	40.04
10146	NA	2849	99.37
10351	NA	2849	95.45
10819	NA	2849	165.57
11560	NA	2849	61.24
11646	NA	2849	67.44
11993	NA	2849	33.89
11995	NA	2849	17.91
2416	NA	2850	532.66
2417	NA	2850	110.86
6144	NA	2850	10.33
6578	NA	2850	18.37
7084	NA	2850	121.63
7650	NA	2850	19.43
8189	NA	2850	52.56
8196	NA	2850	30.04
8221	NA	2850	182.91
8222	NA	2850	100.68
8223	NA	2850	75.27
8569	NA	2850	159.08
8571	NA	2850	48.93
8643	NA	2850	101.22
8646	NA	2850	7.88
8647	NA	2850	44.25
8663	NA	2850	56.58
9044	NA	2850	40.12
9198	NA	2850	14.14
9578	NA	2850	180.34
10145	NA	2850	39.36
10188	NA	2850	48.71
10189	NA	2850	165.66
10194	NA	2850	29.46
10243	NA	2850	150.88
10244	NA	2850	245.12
10300	NA	2850	66.79
10400	NA	2850	45.01
10690	NA	2850	257.19
10816	NA	2850	35.72
11013	NA	2850	31.72
11092	NA	2850	26.03
11094	NA	2850	100.76
11110	NA	2850	34.05
11233	NA	2850	104.18
11234	NA	2850	72.9
11639	NA	2850	56.5
11684	NA	2850	43.72
11864	NA	2850	98.12
11865	NA	2850	51.3
11866	NA	2850	40.2
11867	NA	2850	36
11868	NA	2850	156.25
11994	NA	2850	61.8
11996	NA	2850	71.95
12037	NA	2850	70.77
2504	NA	2851	3.07
9187	NA	2851	20.67
9249	NA	2851	25.62
9643	NA	2851	20.96
10019	NA	2851	16.56
10186	NA	2851	89.46
10238	NA	2851	11.86
10239	NA	2851	15.76
10294	NA	2851	39.41
10301	NA	2851	20.56
10401	NA	2851	37.29
10691	NA	2851	41.56
10789	NA	2851	7.85
10942	NA	2851	18.43
11087	NA	2851	24.35
11552	NA	2851	1.69
11698	NA	2851	31.31
11716	NA	2851	25.25
11717	NA	2851	50.38
11863	NA	2851	45
12036	NA	2851	2.9
6785	NA	2859	1228.13
9146	NA	2859	1401.99
3424	NA	2937	1161.46
6003	NA	2937	731.92
6182	NA	2937	317.13
6981	NA	2937	434.16
8342	NA	2937	722.76
8350	NA	2937	556.1
9212	NA	2937	727.4
10042	NA	2937	1033.09
10049	NA	2937	1169.4
10660	NA	2937	1120.91
10732	NA	2937	1298.04
11060	NA	2937	805.31
11225	NA	2937	1297.87
11742	NA	2937	779.27
11795	NA	2937	687.37
11796	NA	2937	524.68
11797	NA	2937	311.38
11895	NA	2937	1401.24
7083	NA	2938	1592.98
244	NA	2961	170.52
10507	NA	2961	271.36
10509	NA	2961	121.51
10511	NA	2961	239.39
10822	NA	2961	1084.92
11704	NA	2961	167.41
11723	NA	2961	135.9
11727	NA	2961	247.41
12111	NA	2961	144.7
12116	NA	2961	189.45
5585	NA	2963	244.99
5586	NA	2963	203.73
5587	NA	2963	271.25
6669	NA	2963	215.24
6899	NA	2963	86.91
8628	NA	2963	502.5
532	NA	2964	807.16
3781	NA	2964	116.9
3832	NA	2964	333.94
4731	NA	2964	393.12
6030	NA	2964	70.87
6036	NA	2964	320.7
6044	NA	2964	492.13
6045	NA	2964	215.41
6257	NA	2964	121.22
6429	NA	2964	166.43
6633	NA	2964	99.63
6636	NA	2964	280.86
6640	NA	2964	150.6
7369	NA	2964	276.55
7721	NA	2964	155.61
10215	NA	2964	91.44
10440	NA	2964	90.63
10724	NA	2964	167.83
11023	NA	2964	100.45
11219	NA	2964	185.98
11496	NA	2964	222.29
11580	NA	2964	317.84
11966	NA	2964	337.66
12048	NA	2964	206.07
652	NA	2965	191.37
656	NA	2965	159.21
664	NA	2965	265
3522	NA	2965	259.17
6467	NA	2965	202.94
3569	NA	2966	736.3
3570	NA	2966	232.82
3676	NA	2966	215.92
3687	NA	2966	528.03
3689	NA	2966	326.6
3705	NA	2966	145.49
4623	NA	2966	599.92
4690	NA	2966	331.61
4695	NA	2966	498.89
4705	NA	2966	199.64
4726	NA	2966	113.01
4732	NA	2966	316.72
4733	NA	2966	168.96
4985	NA	2966	163.52
5133	NA	2966	155.95
5607	NA	2966	239.39
6273	NA	2966	128.68
6562	NA	2966	145.07
6563	NA	2966	78.43
7613	NA	2966	116.11
9003	NA	2966	101.91
9164	NA	2966	414.2
9221	NA	2966	145.22
9846	NA	2966	58.66
9905	NA	2966	97.05
9906	NA	2966	135.29
9907	NA	2966	123.84
10024	NA	2966	193.21
10658	NA	2966	118.33
10696	NA	2966	118.14
10990	NA	2966	141.93
11602	NA	2966	224.29
11964	NA	2966	48.81
11998	NA	2966	122.43
12044	NA	2966	121.59
12045	NA	2966	342.12
5138	NA	2968	271.36
5140	NA	2968	430.7
5142	NA	2968	369.73
5151	NA	2968	293.51
7482	NA	2968	206.31
7491	NA	2968	115.85
7494	NA	2968	115.56
7501	NA	2968	170.73
7595	NA	2968	72.05
8157	NA	2968	204.4
9207	NA	2968	202.32
4676	NA	2969	257.23
4677	NA	2969	765.51
4683	NA	2969	422.84
4685	NA	2969	258.91
4687	NA	2969	318.88
5186	NA	2969	160.25
5187	NA	2969	193.02
5188	NA	2969	121.51
4969	NA	2970	138.77
4970	NA	2970	481.35
4972	NA	2970	357.89
59	NA	2971	79.49
7711	NA	2971	50.52
10127	NA	2971	92.4
10205	NA	2971	71.57
10269	NA	2971	72.55
10270	NA	2971	158.72
10519	NA	2971	72.68
10520	NA	2971	270.86
10543	NA	2971	113.13
10654	NA	2971	116.8
10792	NA	2971	106.96
10824	NA	2971	134.21
11148	NA	2971	93.08
11265	NA	2971	94.18
11492	NA	2971	67.21
11562	NA	2971	72.91
11629	NA	2971	148.1
11705	NA	2971	108.73
11724	NA	2971	149.71
11891	NA	2971	1
12010	NA	2971	61.28
12038	NA	2971	135.66
6464	NA	2974	270.86
3763	NA	2975	68.51
6029	NA	2975	358.29
6031	NA	2975	152.14
6032	NA	2975	217.03
6033	NA	2975	197.92
6034	NA	2975	212.27
6035	NA	2975	135.66
6039	NA	2975	222.45
6041	NA	2975	50.3
6047	NA	2975	185.88
6259	NA	2975	175.69
6634	NA	2975	74.49
6635	NA	2975	295.08
6639	NA	2975	86.85
6643	NA	2975	68.58
6644	NA	2975	90.55
6646	NA	2975	55.1
6648	NA	2975	227.6
7108	NA	2975	48.48
7109	NA	2975	141.63
7110	NA	2975	102.35
7161	NA	2975	86.89
7165	NA	2975	52.01
7240	NA	2975	63.48
7278	NA	2975	113.13
7279	NA	2975	160.61
7549	NA	2975	60.98
8205	NA	2975	48.34
8598	NA	2975	57.52
8599	NA	2975	84.8
8940	NA	2975	128.18
8994	NA	2975	64.39
9068	NA	2975	111.05
9373	NA	2975	49.99
9374	NA	2975	126.04
9559	NA	2975	80.3
9562	NA	2975	83.15
9647	NA	2975	72.79
9851	NA	2975	128.4
9853	NA	2975	96.42
9855	NA	2975	54.29
9892	NA	2975	98.23
9893	NA	2975	62.6
9971	NA	2975	82.81
10214	NA	2975	53.91
10259	NA	2975	71.65
10260	NA	2975	225.71
10319	NA	2975	73.89
10320	NA	2975	82.64
10321	NA	2975	55.94
10322	NA	2975	130.37
10366	NA	2975	58.81
10441	NA	2975	41.88
10442	NA	2975	85.07
10760	NA	2975	116.31
10761	NA	2975	132.98
10762	NA	2975	94.7
10764	NA	2975	84.1
10948	NA	2975	57.4
10949	NA	2975	42.37
11022	NA	2975	45.87
11064	NA	2975	78.31
11067	NA	2975	57.22
11115	NA	2975	92.01
11116	NA	2975	64.37
11252	NA	2975	80.04
11256	NA	2975	64.09
11494	NA	2975	114.34
11528	NA	2975	157.78
11529	NA	2975	110.44
11568	NA	2975	73.89
11576	NA	2975	352.28
11606	NA	2975	95.92
11706	NA	2975	93.75
11707	NA	2975	157.94
11721	NA	2975	69.01
11722	NA	2975	155.69
11883	NA	2975	124.53
11887	NA	2975	57.2
11909	NA	2975	119.5
11965	NA	2975	42.91
12013	NA	2975	12.36
12014	NA	2975	19.18
3571	NA	2977	224.55
3572	NA	2977	137.86
3573	NA	2977	58.57
4624	NA	2977	334.29
4691	NA	2977	123.4
4692	NA	2977	292.89
4693	NA	2977	131.06
4694	NA	2977	139.49
4697	NA	2977	74.99
4698	NA	2977	179.24
4700	NA	2977	330.19
4701	NA	2977	153.89
4702	NA	2977	252.8
4703	NA	2977	144.95
4704	NA	2977	146.83
4706	NA	2977	153.68
4707	NA	2977	89.68
4709	NA	2977	291.64
4710	NA	2977	341.11
4713	NA	2977	113.74
4714	NA	2977	145.49
4716	NA	2977	139.13
4717	NA	2977	141.89
4718	NA	2977	301.42
4720	NA	2977	100.39
4724	NA	2977	102.83
4728	NA	2977	122.98
4729	NA	2977	165.8
5121	NA	2977	97.97
5124	NA	2977	79.93
5129	NA	2977	48.73
5130	NA	2977	157.45
5131	NA	2977	115.31
5132	NA	2977	63.17
5134	NA	2977	120.94
5605	NA	2977	102.13
5606	NA	2977	81.61
5908	NA	2977	88.56
6217	NA	2977	271.9
6271	NA	2977	72.68
6272	NA	2977	69.79
6540	NA	2977	96.62
6673	NA	2977	219.51
7466	NA	2977	96.87
9012	NA	2977	77.77
9107	NA	2977	207.39
9220	NA	2977	157.4
9588	NA	2977	93.49
9630	NA	2977	75.03
9891	NA	2977	71.46
9908	NA	2977	107.39
9909	NA	2977	60.47
9910	NA	2977	126.4
9911	NA	2977	48.58
9912	NA	2977	60.74
9913	NA	2977	36.75
9968	NA	2977	52.99
10035	NA	2977	36.78
10125	NA	2977	61.07
10126	NA	2977	41.11
10199	NA	2977	56.18
10403	NA	2977	88.05
10404	NA	2977	96.56
10697	NA	2977	77.87
11118	NA	2977	74.66
11531	NA	2977	91.28
11533	NA	2977	190.16
11603	NA	2977	161.34
11604	NA	2977	126.19
11823	NA	2977	147.03
11922	NA	2977	140.09
11923	NA	2977	109.16
11924	NA	2977	109.16
11925	NA	2977	167.39
11926	NA	2977	109.16
11961	NA	2977	64.32
11962	NA	2977	94.75
11963	NA	2977	85.81
11997	NA	2977	62.45
11999	NA	2977	43.1
12046	NA	2977	133.37
5145	NA	2979	84.48
5147	NA	2979	355.52
7471	NA	2979	206.94
7473	NA	2979	278.46
7476	NA	2979	156.28
7477	NA	2979	231.23
7484	NA	2979	174.42
7486	NA	2979	50.89
7489	NA	2979	132.84
7495	NA	2979	76.48
7502	NA	2979	94.13
7598	NA	2979	100.52
9676	NA	2979	72.58
9822	NA	2979	113.85
9823	NA	2979	88.88
10326	NA	2979	75.8
10418	NA	2979	100.69
10692	NA	2979	60.7
11824	NA	2979	129.38
5189	NA	2980	53.94
6684	NA	2982	34.44
7554	NA	2982	38.19
8592	NA	2982	79.8
10155	NA	2982	45.06
10506	NA	2982	80.54
10529	NA	2982	82.72
10554	NA	2982	86.66
10656	NA	2982	88.44
10790	NA	2982	79.86
10794	NA	2982	89.58
10823	NA	2982	98.91
10845	NA	2982	84.53
10992	NA	2982	111.44
11530	NA	2982	58.91
11536	NA	2982	84.72
11725	NA	2982	279.33
11726	NA	2982	139.18
11915	NA	2982	98.32
12006	NA	2982	144.36
3758	NA	2984	79.14
6027	NA	2984	178.19
6038	NA	2984	91.67
6040	NA	2984	79.43
6268	NA	2984	32.43
6270	NA	2984	92.23
6428	NA	2984	94.09
6630	NA	2984	60.62
6631	NA	2984	48.82
6642	NA	2984	82.72
6649	NA	2984	93.22
7162	NA	2984	72.18
7370	NA	2984	56.99
7467	NA	2984	77.64
7696	NA	2984	74.54
7702	NA	2984	49.86
7720	NA	2984	54.65
8204	NA	2984	62.03
8676	NA	2984	79.86
8993	NA	2984	64.45
9065	NA	2984	45.8
9372	NA	2984	103.66
9558	NA	2984	77.5
9560	NA	2984	47.4
9561	NA	2984	87.74
9563	NA	2984	83.44
9564	NA	2984	44.85
9590	NA	2984	77.99
9854	NA	2984	131.76
10159	NA	2984	83.45
10160	NA	2984	77.7
10200	NA	2984	44.32
10265	NA	2984	63.66
10267	NA	2984	115.85
10268	NA	2984	75.27
10693	NA	2984	55.47
10701	NA	2984	44.9
10759	NA	2984	53.05
10766	NA	2984	38.21
10769	NA	2984	52.22
10832	NA	2984	47.45
10947	NA	2984	61.66
10989	NA	2984	49.24
11111	NA	2984	48.31
11117	NA	2984	72.43
11251	NA	2984	47.73
11254	NA	2984	54.18
11255	NA	2984	92.17
11257	NA	2984	78.74
11258	NA	2984	105.59
11259	NA	2984	117.69
11260	NA	2984	59.57
11261	NA	2984	81.94
11262	NA	2984	70.68
11263	NA	2984	52.76
11495	NA	2984	68.63
11627	NA	2984	60.61
12043	NA	2984	80.18
3853	NA	2985	125.92
4625	NA	2985	120.2
4696	NA	2985	215.04
4712	NA	2985	56.9
4719	NA	2985	146.12
4721	NA	2985	53.15
4725	NA	2985	123.23
4730	NA	2985	166.17
5123	NA	2985	80.54
5127	NA	2985	179.64
5128	NA	2985	108.06
5604	NA	2985	80.64
11532	NA	2985	125.83
11534	NA	2985	89.28
5143	NA	2987	80.42
7474	NA	2987	108.44
7478	NA	2987	29.06
7479	NA	2987	137.15
7483	NA	2987	89.71
7487	NA	2987	116.06
7496	NA	2987	86.66
7497	NA	2987	94.99
9208	NA	2987	42.6
9309	NA	2987	32.78
10994	NA	2987	108.61
4684	NA	2988	132.13
6260	NA	2989	28.2
6261	NA	2989	15.75
6262	NA	2989	17.62
6263	NA	2989	15.35
6264	NA	2989	6.63
6265	NA	2989	11.51
6266	NA	2989	7.16
6267	NA	2989	13.42
8955	NA	2989	200.4
8972	NA	2989	14.57
9001	NA	2989	14.69
9076	NA	2989	3.4
10723	NA	2989	8.73
10728	NA	2989	23.24
11098	NA	2989	8.03
11535	NA	2989	11.43
214	NA	2990	7.53
468	NA	2990	74.96
469	NA	2990	23.27
473	NA	2990	9.57
3652	NA	2990	7.93
3654	NA	2990	96.1
3656	NA	2990	29.28
3657	NA	2990	122.85
3660	NA	2990	21.11
3663	NA	2990	15.38
3664	NA	2990	11.33
3665	NA	2990	74.33
3666	NA	2990	74.84
3667	NA	2990	38.82
3668	NA	2990	25.3
3672	NA	2990	7.74
3674	NA	2990	7.67
3675	NA	2990	37.41
3678	NA	2990	17.66
3679	NA	2990	13.93
3680	NA	2990	37.8
3682	NA	2990	24.77
3684	NA	2990	7.84
3686	NA	2990	21.67
3690	NA	2990	2.41
3691	NA	2990	21.07
3692	NA	2990	8.7
3693	NA	2990	54.37
3694	NA	2990	39.13
3695	NA	2990	79.71
3696	NA	2990	2.84
3697	NA	2990	22.92
3698	NA	2990	4.66
3701	NA	2990	27.47
3702	NA	2990	6.16
3708	NA	2990	18.55
3709	NA	2990	25.41
3710	NA	2990	2.93
3712	NA	2990	41.85
3713	NA	2990	14.87
3714	NA	2990	25.79
3715	NA	2990	17.02
3721	NA	2990	27.3
3722	NA	2990	47.62
3724	NA	2990	3
3727	NA	2990	0.14
3730	NA	2990	17.39
3731	NA	2990	3.07
3732	NA	2990	9.37
3733	NA	2990	8.33
3734	NA	2990	23.82
3735	NA	2990	16.24
3737	NA	2990	12.51
3738	NA	2990	23.33
3739	NA	2990	27.5
3740	NA	2990	69.75
3741	NA	2990	57.28
3743	NA	2990	3.62
3744	NA	2990	20.28
3745	NA	2990	4.23
3746	NA	2990	46.2
3747	NA	2990	21.65
3748	NA	2990	12.52
3749	NA	2990	46.84
3750	NA	2990	21.66
3752	NA	2990	5.18
3753	NA	2990	3.41
3754	NA	2990	27.88
3755	NA	2990	8.67
3756	NA	2990	26.22
3757	NA	2990	8.35
3759	NA	2990	62.73
3761	NA	2990	8.65
3762	NA	2990	27.93
3765	NA	2990	15.67
3766	NA	2990	19.31
3769	NA	2990	59.95
3772	NA	2990	4.38
3774	NA	2990	26.3
3776	NA	2990	4.54
3777	NA	2990	10.1
3778	NA	2990	13.34
3779	NA	2990	13.31
3782	NA	2990	4.12
3783	NA	2990	20.29
3784	NA	2990	7.87
3785	NA	2990	4.94
3786	NA	2990	16.8
3787	NA	2990	11.74
3788	NA	2990	77.6
3789	NA	2990	19.3
3790	NA	2990	10.56
3791	NA	2990	8.88
3792	NA	2990	4.94
3793	NA	2990	4.45
3794	NA	2990	21.78
3795	NA	2990	124.73
3796	NA	2990	26.6
3797	NA	2990	4.5
3803	NA	2990	23.87
3804	NA	2990	35.84
3805	NA	2990	7.36
3806	NA	2990	21.51
3807	NA	2990	9.93
3808	NA	2990	19.5
3809	NA	2990	26.94
3810	NA	2990	36.82
3811	NA	2990	16.43
3812	NA	2990	25.04
3818	NA	2990	44.79
3820	NA	2990	4.14
3821	NA	2990	14.55
3822	NA	2990	17.36
3823	NA	2990	5.57
3824	NA	2990	18.9
3825	NA	2990	12.34
3826	NA	2990	13.72
3827	NA	2990	8.99
3828	NA	2990	38.98
3833	NA	2990	19.54
3834	NA	2990	2.34
3835	NA	2990	13.28
3836	NA	2990	49.35
3837	NA	2990	4.97
3838	NA	2990	18.43
3839	NA	2990	24.96
3840	NA	2990	67.41
3841	NA	2990	8.4
3842	NA	2990	71.84
3843	NA	2990	99.34
3844	NA	2990	6.54
3845	NA	2990	101.54
3846	NA	2990	36.26
3847	NA	2990	8
3849	NA	2990	19.05
3850	NA	2990	6.44
3852	NA	2990	18.09
3854	NA	2990	13.16
3855	NA	2990	47.92
3856	NA	2990	14.83
3857	NA	2990	20.56
3858	NA	2990	30.2
3859	NA	2990	8.75
3861	NA	2990	12.76
4668	NA	2990	22.56
5207	NA	2990	10.78
5216	NA	2990	24.4
5844	NA	2990	17.32
5845	NA	2990	9.66
5846	NA	2990	22.69
5847	NA	2990	14.07
5851	NA	2990	13.44
5852	NA	2990	14.83
6049	NA	2990	33.32
6104	NA	2990	17.07
6269	NA	2990	20.75
6274	NA	2990	8.3
6360	NA	2990	8.71
6361	NA	2990	29.69
6389	NA	2990	11.77
6392	NA	2990	8.59
6427	NA	2990	4.9
6430	NA	2990	29.4
6557	NA	2990	24.49
6558	NA	2990	27.07
6668	NA	2990	39.77
6671	NA	2990	12.25
6676	NA	2990	247.29
6677	NA	2990	38.86
6678	NA	2990	23.23
6730	NA	2990	58.83
6776	NA	2990	17.91
6777	NA	2990	17.17
6778	NA	2990	6.41
6779	NA	2990	7.11
6780	NA	2990	23.61
6782	NA	2990	189.52
6935	NA	2990	37.71
6938	NA	2990	20.86
7164	NA	2990	63.39
7191	NA	2990	86.87
7194	NA	2990	6.67
7203	NA	2990	9.98
7296	NA	2990	5.14
7297	NA	2990	5.45
7427	NA	2990	9.18
7431	NA	2990	3.26
7585	NA	2990	19.93
7639	NA	2990	6.78
7642	NA	2990	17.77
7724	NA	2990	15.79
7725	NA	2990	16.03
7795	NA	2990	359.33
8115	NA	2990	7.78
8124	NA	2990	7.31
8597	NA	2990	20.59
8730	NA	2990	24.19
8731	NA	2990	338.87
8732	NA	2990	270.41
8934	NA	2990	86.3
9124	NA	2990	34.33
9125	NA	2990	27.39
9126	NA	2990	8.39
9127	NA	2990	6.27
9128	NA	2990	54.13
9130	NA	2990	7.62
9256	NA	2990	54.62
9653	NA	2990	57.69
9884	NA	2990	33.3
10258	NA	2990	11.4
10271	NA	2990	6.16
10436	NA	2990	59.25
10602	NA	2990	74.59
10758	NA	2990	17.59
11044	NA	2990	1.81
11605	NA	2990	30.67
12011	NA	2990	145.98
12012	NA	2990	7.36
5148	NA	2991	56.38
5204	NA	2992	34.66
5206	NA	2992	115.41
5350	NA	2992	9.25
5351	NA	2992	7.44
5354	NA	2992	11.37
5355	NA	2992	4.73
5356	NA	2992	64.37
5357	NA	2992	8.43
5358	NA	2992	8.8
5359	NA	2992	4.51
5360	NA	2992	140.68
5361	NA	2992	29.01
5362	NA	2992	19.08
5363	NA	2992	90.91
5364	NA	2992	12.06
5365	NA	2992	15.37
5367	NA	2992	9.95
5368	NA	2992	21.14
5369	NA	2992	27.86
5370	NA	2992	12.31
5371	NA	2992	54.97
5373	NA	2992	16.4
5374	NA	2992	8.87
5375	NA	2992	21.1
5376	NA	2992	217.42
5377	NA	2992	287.13
5378	NA	2992	262.79
5379	NA	2992	52.82
5382	NA	2992	510.07
5383	NA	2992	79.52
5384	NA	2992	8.98
5387	NA	2992	459.71
5388	NA	2992	447.2
5389	NA	2992	35.87
5390	NA	2992	38.13
5391	NA	2992	28.15
5392	NA	2992	138.52
5393	NA	2992	212.05
5398	NA	2992	88.92
5399	NA	2992	8.6
5401	NA	2992	7.95
5402	NA	2992	55.3
5530	NA	2992	721.65
5531	NA	2992	10.22
5532	NA	2992	22.04
5533	NA	2992	9.54
5534	NA	2992	61.09
5535	NA	2992	234.07
5536	NA	2992	62.03
5537	NA	2992	212.5
5538	NA	2992	511.42
5539	NA	2992	603.63
5540	NA	2992	579.41
5541	NA	2992	392.01
5543	NA	2992	140.4
5588	NA	2992	53.88
5589	NA	2992	12.34
5590	NA	2992	165.82
5591	NA	2992	41.98
5592	NA	2992	62.49
5593	NA	2992	88.68
5594	NA	2992	429.76
5595	NA	2992	693.61
5596	NA	2992	36.25
5598	NA	2992	152.86
5599	NA	2992	340.73
5600	NA	2992	21.9
5601	NA	2992	49.84
5603	NA	2992	10.53
5608	NA	2992	128.24
5609	NA	2992	69.16
5610	NA	2992	70.88
5611	NA	2992	16.44
5613	NA	2992	33.7
5614	NA	2992	43.07
5615	NA	2992	11.67
5616	NA	2992	39.66
5617	NA	2992	46.85
5618	NA	2992	50.38
5619	NA	2992	63.65
5620	NA	2992	236.01
5621	NA	2992	58.6
5622	NA	2992	14.63
5623	NA	2992	85.6
5624	NA	2992	22.18
5625	NA	2992	30.71
5626	NA	2992	62.81
5627	NA	2992	60.79
5628	NA	2992	13.3
5629	NA	2992	11.85
5630	NA	2992	103.21
5631	NA	2992	242.7
5632	NA	2992	104.46
5633	NA	2992	20.59
5634	NA	2992	220.81
5635	NA	2992	30.29
5636	NA	2992	17.89
5637	NA	2992	55.82
5747	NA	2992	674.18
5749	NA	2992	242.38
5750	NA	2992	31.91
5848	NA	2992	6.47
5849	NA	2992	10.11
6457	NA	2992	126.78
6670	NA	2992	1255.54
7202	NA	2992	494.72
12000	NA	2992	7.94
6459	NA	2993	98.72
6465	NA	2993	92.83
6469	NA	2993	337.23
6470	NA	2993	81.63
6471	NA	2993	153.15
6472	NA	2993	829.95
6598	NA	2993	164.34
6632	NA	2993	115.61
6637	NA	2993	160.72
6638	NA	2993	34.33
7371	NA	2993	538.94
11522	NA	2993	196.41
294	NA	2994	44.51
535	NA	2994	59.15
537	NA	2994	61.12
538	NA	2994	58.43
539	NA	2994	128.89
541	NA	2994	99.09
542	NA	2994	106.14
543	NA	2994	81.37
544	NA	2994	60.59
548	NA	2994	61.94
633	NA	2994	68.18
634	NA	2994	59.58
3568	NA	2994	129
4989	NA	2994	103.08
4992	NA	2994	35.56
5277	NA	2994	69.29
6011	NA	2994	61.04
6456	NA	2994	72.88
6585	NA	2994	32.49
7069	NA	2994	45.79
7247	NA	2994	91.17
7465	NA	2994	82.63
8733	NA	2994	244.89
8933	NA	2994	70.85
9063	NA	2994	89.39
9120	NA	2994	396.27
10063	NA	2994	77.79
10064	NA	2994	72.64
10149	NA	2994	82.45
10325	NA	2994	62.76
11043	NA	2994	40.74
11112	NA	2994	62.65
11145	NA	2994	99.69
10483	NA	2997	171.33
10550	NA	2997	298.04
12041	NA	2997	412.89
1153	NA	3000	332.85
1154	NA	3000	62.41
1155	NA	3000	221.88
1157	NA	3000	171.33
1158	NA	3000	85.75
1160	NA	3000	124.33
1161	NA	3000	128.68
4040	NA	3000	134.91
4041	NA	3000	334.07
4647	NA	3000	325.64
4648	NA	3000	176.93
4650	NA	3000	217.68
4939	NA	3000	158.3
4975	NA	3000	186.51
5404	NA	3000	64.31
5405	NA	3000	281.55
5439	NA	3000	124.2
5642	NA	3000	247.09
5762	NA	3000	433.76
5967	NA	3000	273.5
6051	NA	3000	151.6
6146	NA	3000	266.7
6372	NA	3000	105.72
6732	NA	3000	77.86
6944	NA	3000	204.97
8683	NA	3000	175.88
9053	NA	3000	133.67
9054	NA	3000	190.01
9230	NA	3000	299.29
9231	NA	3000	295.14
9567	NA	3000	410.19
9622	NA	3000	114.05
9979	NA	3000	304.54
10151	NA	3000	279.88
10330	NA	3000	325.62
10406	NA	3000	95.78
10779	NA	3000	81.89
10780	NA	3000	131.65
10857	NA	3000	192.36
10860	NA	3000	158.15
10870	NA	3000	109.41
10873	NA	3000	242.02
10874	NA	3000	172.75
10875	NA	3000	155.48
10878	NA	3000	164.04
10879	NA	3000	143.75
10880	NA	3000	129.28
10881	NA	3000	97.7
10882	NA	3000	96.8
10885	NA	3000	154.61
10956	NA	3000	188.27
10957	NA	3000	148.35
11070	NA	3000	135.63
11073	NA	3000	341.89
11151	NA	3000	136.58
11153	NA	3000	131.23
12001	NA	3000	379.05
12002	NA	3000	258.92
12003	NA	3000	69.38
707	NA	3003	101.38
7132	NA	3003	80.91
9894	NA	3003	162.2
10496	NA	3003	80.3
10538	NA	3003	110.58
10825	NA	3003	171.44
1163	NA	3006	137.53
1168	NA	3006	71.83
1169	NA	3006	74.06
1170	NA	3006	106.74
1173	NA	3006	69.48
1174	NA	3006	133.93
1192	NA	3006	71.74
3582	NA	3006	72.18
3585	NA	3006	264.38
4020	NA	3006	89.57
4021	NA	3006	162.43
4022	NA	3006	186.14
4026	NA	3006	81.15
4027	NA	3006	71.52
4029	NA	3006	68.19
4037	NA	3006	128.3
4736	NA	3006	81.46
4738	NA	3006	80.3
4938	NA	3006	136.32
4942	NA	3006	98.14
4974	NA	3006	112.16
5433	NA	3006	234.95
5966	NA	3006	124.79
5972	NA	3006	100.61
6110	NA	3006	71.29
6112	NA	3006	96.91
6240	NA	3006	125.81
6371	NA	3006	322.08
6397	NA	3006	91.75
6443	NA	3006	105.16
6755	NA	3006	78.81
6943	NA	3006	100.58
7287	NA	3006	166.54
7435	NA	3006	98.24
7561	NA	3006	114.96
7624	NA	3006	512.25
8584	NA	3006	67.41
8586	NA	3006	95.3
9226	NA	3006	69.38
9228	NA	3006	141.85
9229	NA	3006	51.17
9566	NA	3006	77.47
9917	NA	3006	92.33
10405	NA	3006	204.51
10407	NA	3006	115.95
10706	NA	3006	65.1
10851	NA	3006	118.38
10852	NA	3006	90.22
10853	NA	3006	100.25
10854	NA	3006	137.33
10855	NA	3006	129.81
10856	NA	3006	168.94
10861	NA	3006	96.34
10862	NA	3006	144.42
10863	NA	3006	143.32
10864	NA	3006	136.56
10866	NA	3006	81.51
10868	NA	3006	82.02
10869	NA	3006	84.61
10876	NA	3006	85.91
10884	NA	3006	91.01
10896	NA	3006	57.64
10996	NA	3006	94.71
11069	NA	3006	79.51
11119	NA	3006	62.71
11120	NA	3006	166.19
11150	NA	3006	72.26
11502	NA	3006	116.58
11538	NA	3006	97.37
11710	NA	3006	119.02
9860	NA	3007	104.7
9914	NA	3007	72.46
10043	NA	3007	146.84
10328	NA	3007	81.43
10448	NA	3007	53.81
10704	NA	3007	90.43
10776	NA	3007	63.26
11072	NA	3007	66.95
11152	NA	3007	37.99
11186	NA	3007	53.89
11537	NA	3007	47.94
8216	NA	3010	38.56
8603	NA	3010	25.19
10800	NA	3010	57.92
11267	NA	3010	65.97
11268	NA	3010	19.36
11501	NA	3010	42.57
11644	NA	3010	47.79
1179	NA	3013	40.88
1180	NA	3013	74.01
1185	NA	3013	52.38
1187	NA	3013	64.38
3586	NA	3013	124.44
4941	NA	3013	73.73
5403	NA	3013	143.63
6005	NA	3013	345.16
6442	NA	3013	142.45
6758	NA	3013	54.82
9652	NA	3013	99.7
11609	NA	3013	132.24
4993	NA	3014	85.5
6564	NA	3014	143.14
9859	NA	3014	46.27
9861	NA	3014	32.33
10040	NA	3014	57.41
10224	NA	3014	73.71
10408	NA	3014	65.01
6276	NA	3017	26.44
6278	NA	3017	25.67
6279	NA	3017	41.22
6283	NA	3017	16.68
6284	NA	3017	37.8
6285	NA	3017	21.11
6287	NA	3017	59.02
6289	NA	3017	6.02
6290	NA	3017	7.61
6292	NA	3017	28.71
6293	NA	3017	32.44
6296	NA	3017	8.81
9078	NA	3017	63.08
9330	NA	3017	8.16
10730	NA	3017	3.99
11269	NA	3017	11.77
3862	NA	3018	32.4
3863	NA	3018	21.34
3865	NA	3018	27.13
3866	NA	3018	41.12
3867	NA	3018	15.91
3868	NA	3018	118.78
3869	NA	3018	174.63
3871	NA	3018	35.93
3872	NA	3018	39.37
3873	NA	3018	8.83
3874	NA	3018	344.28
3875	NA	3018	34.73
3876	NA	3018	51.32
3878	NA	3018	40.06
3879	NA	3018	71.05
3882	NA	3018	14.53
3883	NA	3018	6.04
3884	NA	3018	43.95
3885	NA	3018	83.87
3888	NA	3018	45.12
3889	NA	3018	103.25
3890	NA	3018	65.76
3891	NA	3018	22.48
3893	NA	3018	3.2
3894	NA	3018	18.01
3895	NA	3018	5.68
3896	NA	3018	139.47
3897	NA	3018	122.87
3899	NA	3018	54.07
3900	NA	3018	24.3
3901	NA	3018	5.6
3902	NA	3018	7.98
3904	NA	3018	16.08
3905	NA	3018	5.55
3906	NA	3018	17.01
3908	NA	3018	108.82
3909	NA	3018	8.44
3910	NA	3018	55.07
3913	NA	3018	113.66
3914	NA	3018	8.09
3915	NA	3018	17.81
3917	NA	3018	28.86
3918	NA	3018	8.59
3920	NA	3018	74.18
3921	NA	3018	119.16
3922	NA	3018	41.2
3923	NA	3018	80.62
3925	NA	3018	21.6
3926	NA	3018	30.35
3927	NA	3018	7.02
3929	NA	3018	125.44
3931	NA	3018	107.68
3934	NA	3018	146.94
3935	NA	3018	75.12
3936	NA	3018	40.94
3937	NA	3018	34.53
3938	NA	3018	19.76
3939	NA	3018	51.64
3940	NA	3018	26.29
3941	NA	3018	51.5
3942	NA	3018	9.46
3943	NA	3018	39.74
3944	NA	3018	339.4
3947	NA	3018	51.78
3948	NA	3018	15.99
3949	NA	3018	37.56
3952	NA	3018	52.89
3953	NA	3018	23.63
3955	NA	3018	119.23
3956	NA	3018	44.28
3957	NA	3018	11.36
3958	NA	3018	117.6
3960	NA	3018	11.96
3962	NA	3018	23.61
3963	NA	3018	18.83
3967	NA	3018	48.89
3971	NA	3018	64.3
3972	NA	3018	69.95
3973	NA	3018	11.27
3975	NA	3018	96.89
3978	NA	3018	25.03
3979	NA	3018	44.2
3980	NA	3018	26.22
3981	NA	3018	67.37
3982	NA	3018	21.46
3983	NA	3018	24.71
3986	NA	3018	3.23
3988	NA	3018	6.86
3990	NA	3018	207.98
3991	NA	3018	142.09
3992	NA	3018	104.4
3994	NA	3018	117.52
3996	NA	3018	6.57
3998	NA	3018	29.22
4000	NA	3018	10.19
4001	NA	3018	6.81
4002	NA	3018	23.37
4003	NA	3018	19.48
4005	NA	3018	28.66
4006	NA	3018	167.4
4008	NA	3018	14.17
4009	NA	3018	4.66
4010	NA	3018	2.93
4013	NA	3018	73.57
4014	NA	3018	2.79
4015	NA	3018	22.59
4016	NA	3018	9.61
4017	NA	3018	4.33
5221	NA	3018	43.36
5856	NA	3018	11.75
5918	NA	3018	17.65
6053	NA	3018	9.9
6156	NA	3018	6.65
6157	NA	3018	244.23
6218	NA	3018	7.13
6275	NA	3018	34.38
6395	NA	3018	60.14
6434	NA	3018	15.1
6435	NA	3018	87.01
6437	NA	3018	22.08
6438	NA	3018	74.73
6439	NA	3018	48.47
6441	NA	3018	213.84
6565	NA	3018	30.99
6566	NA	3018	6.9
6687	NA	3018	40.51
6688	NA	3018	11.94
6689	NA	3018	33.7
6718	NA	3018	93.7
6719	NA	3018	53.48
6720	NA	3018	18.89
6788	NA	3018	40.53
6789	NA	3018	51.31
6792	NA	3018	14.38
6793	NA	3018	34.87
6795	NA	3018	11.72
6796	NA	3018	65.87
6797	NA	3018	8.62
6798	NA	3018	186.92
6799	NA	3018	82.28
6859	NA	3018	105.22
6860	NA	3018	249.67
6861	NA	3018	14.2
6862	NA	3018	41.22
6863	NA	3018	82.08
6865	NA	3018	401.1
6866	NA	3018	30.63
6869	NA	3018	193.65
6870	NA	3018	10.88
6871	NA	3018	139.78
6904	NA	3018	29.31
6905	NA	3018	50.32
6907	NA	3018	49.82
6909	NA	3018	30.69
6910	NA	3018	47.83
6911	NA	3018	42.51
6914	NA	3018	6.75
7276	NA	3018	3.35
7288	NA	3018	5.02
7300	NA	3018	50.32
7384	NA	3018	15.45
7433	NA	3018	45.21
7518	NA	3018	25.52
7519	NA	3018	87.69
7557	NA	3018	29.08
7564	NA	3018	72.61
7568	NA	3018	14.7
7586	NA	3018	6.92
7616	NA	3018	92.38
7627	NA	3018	51.66
7628	NA	3018	12.26
8670	NA	3018	65.48
8741	NA	3018	18.79
8742	NA	3018	84.72
8743	NA	3018	7.16
8744	NA	3018	13.62
8956	NA	3018	20
9157	NA	3018	67.62
9224	NA	3018	33.57
9258	NA	3018	30.99
9259	NA	3018	16.23
9597	NA	3018	7.38
9885	NA	3018	194.34
10659	NA	3018	84.74
11026	NA	3018	28.22
11045	NA	3018	171.3
11046	NA	3018	23.27
11101	NA	3018	10.73
11270	NA	3018	53.49
12018	NA	3018	7.37
12019	NA	3018	4.56
12020	NA	3018	17.57
5406	NA	3019	12.52
5407	NA	3019	74.75
5408	NA	3019	39.76
5409	NA	3019	201.47
5411	NA	3019	5.18
5412	NA	3019	674.69
5413	NA	3019	121.85
5414	NA	3019	24.96
5415	NA	3019	96.91
5416	NA	3019	242.03
5417	NA	3019	428.92
5418	NA	3019	351.28
5419	NA	3019	35.39
5420	NA	3019	15.2
5421	NA	3019	23.02
5423	NA	3019	20.77
5424	NA	3019	129.66
5426	NA	3019	156.88
5427	NA	3019	69.14
5428	NA	3019	31.99
5429	NA	3019	20.93
5430	NA	3019	80.83
5431	NA	3019	42.94
5432	NA	3019	161.42
5434	NA	3019	885.12
5435	NA	3019	58.89
5436	NA	3019	17.82
5437	NA	3019	10.52
5440	NA	3019	31.34
5441	NA	3019	12.55
5442	NA	3019	5.23
5443	NA	3019	112.18
5444	NA	3019	18.38
5445	NA	3019	49.64
5446	NA	3019	15.12
5447	NA	3019	61.99
5544	NA	3019	6.26
5545	NA	3019	36.31
5546	NA	3019	369.47
5638	NA	3019	0.94
5639	NA	3019	67.54
5643	NA	3019	15.15
5644	NA	3019	70.56
5645	NA	3019	27.9
5646	NA	3019	224.22
5647	NA	3019	16.66
5649	NA	3019	25.34
5650	NA	3019	79.38
5651	NA	3019	155.67
5652	NA	3019	43.05
5653	NA	3019	79.05
5654	NA	3019	26.1
5655	NA	3019	5.12
5658	NA	3019	55.88
5659	NA	3019	162.91
5660	NA	3019	51.38
5661	NA	3019	47.5
5662	NA	3019	73.36
5663	NA	3019	2.43
5752	NA	3019	113.35
5753	NA	3019	97.2
5754	NA	3019	10.56
5755	NA	3019	16.56
5756	NA	3019	14.75
5757	NA	3019	6.35
5758	NA	3019	5.09
5761	NA	3019	521.47
5769	NA	3019	7.06
5770	NA	3019	42.62
5771	NA	3019	120.04
5855	NA	3019	16.07
6654	NA	3019	14.58
6721	NA	3019	40.75
12017	NA	3019	175.94
6474	NA	3020	72.36
6475	NA	3020	93.31
6476	NA	3020	65.72
6477	NA	3020	58.87
6478	NA	3020	133.22
6480	NA	3020	76.68
6481	NA	3020	192.77
6482	NA	3020	58.41
6655	NA	3020	69.87
6656	NA	3020	262.49
6657	NA	3020	94.19
6658	NA	3020	174.31
11523	NA	3020	140.01
11524	NA	3020	139
981	NA	3021	75.99
1063	NA	3021	39.83
1073	NA	3021	31.93
1151	NA	3021	50.76
3409	NA	3021	37.06
4653	NA	3021	37.32
4654	NA	3021	63.56
6298	NA	3021	39.88
6587	NA	3021	89.21
7362	NA	3021	53.11
8126	NA	3021	79.58
8169	NA	3021	62.14
8323	NA	3021	39.94
9108	NA	3021	30.08
9284	NA	3021	54.34
9601	NA	3021	168.26
9632	NA	3021	105.91
9915	NA	3021	72.17
10152	NA	3021	86.52
10245	NA	3021	69.79
10999	NA	3021	54.34
5093	NA	3027	284.8
6018	NA	3027	736.45
10204	NA	3027	472.53
11545	NA	3027	192.22
4779	NA	3029	802.22
6543	NA	3029	709.46
6568	NA	3029	640.86
6664	NA	3029	691.02
6801	NA	3029	1399.99
7290	NA	3029	404.63
7291	NA	3029	614.87
7619	NA	3029	1338.01
9267	NA	3029	469.09
9964	NA	3029	396.34
10172	NA	3029	1780.13
10450	NA	3029	381.05
10734	NA	3029	622.23
10915	NA	3029	342.03
11565	NA	3029	545.96
11869	NA	3029	862.6
5086	NA	3032	222.69
5087	NA	3032	264.23
5088	NA	3032	493.93
5094	NA	3032	323.32
5097	NA	3032	461.77
5100	NA	3032	382.63
5561	NA	3032	293.43
5562	NA	3032	195
5833	NA	3032	322.69
5835	NA	3032	203.87
5989	NA	3032	308.9
6009	NA	3032	304.35
6162	NA	3032	452.8
6188	NA	3032	265.2
6244	NA	3032	303.56
6951	NA	3032	164.49
7136	NA	3032	392.84
7423	NA	3032	301.41
7525	NA	3032	224.98
7682	NA	3032	318.41
8605	NA	3032	157.86
8606	NA	3032	199.32
8607	NA	3032	377.14
8609	NA	3032	101.64
8611	NA	3032	159.94
8615	NA	3032	148.44
8618	NA	3032	409.14
8971	NA	3032	218.81
9086	NA	3032	360.84
9357	NA	3032	380.7
9682	NA	3032	172.93
9839	NA	3032	223.85
10052	NA	3032	104.71
10053	NA	3032	444.3
10068	NA	3032	251.78
10202	NA	3032	242.54
10203	NA	3032	109.58
10283	NA	3032	147.55
10380	NA	3032	162.12
10710	NA	3032	145.48
10738	NA	3032	137.84
11000	NA	3032	480.51
11001	NA	3032	194.25
11002	NA	3032	170.29
11003	NA	3032	257.01
11004	NA	3032	370.69
11005	NA	3032	181.35
11543	NA	3032	202.75
11544	NA	3032	227.36
11546	NA	3032	378.93
11559	NA	3032	189.46
11583	NA	3032	248.76
11900	NA	3032	246.36
11983	NA	3032	99.77
12005	NA	3032	160
6378	NA	3034	317.21
6380	NA	3034	706.9
6383	NA	3034	216.34
7699	NA	3034	409.3
8616	NA	3034	482.78
9864	NA	3034	632.65
9865	NA	3034	359.61
11083	NA	3034	293.32
11084	NA	3034	248.5
11507	NA	3034	394.38
11614	NA	3034	449.45
11666	NA	3034	420.11
2078	NA	3035	155.47
7534	NA	3035	36.87
7618	NA	3035	54.33
10176	NA	3035	41.27
10229	NA	3035	105.26
10741	NA	3035	128.75
11188	NA	3035	223.41
11190	NA	3035	37.42
11827	NA	3035	72.3
12025	NA	3035	20.41
5089	NA	3037	262.19
5095	NA	3037	252.51
5098	NA	3037	210.21
5099	NA	3037	278.04
5101	NA	3037	254.49
5560	NA	3037	126.47
5563	NA	3037	160.26
5566	NA	3037	260.28
5983	NA	3037	252.96
5984	NA	3037	219.89
5988	NA	3037	173.8
6008	NA	3037	178.67
6017	NA	3037	414.97
6019	NA	3037	176.72
6243	NA	3037	212.13
6312	NA	3037	157.93
6377	NA	3037	250.61
6410	NA	3037	169.95
6411	NA	3037	185.02
6412	NA	3037	110.03
6569	NA	3037	345.13
6570	NA	3037	228.58
6724	NA	3037	171.99
6803	NA	3037	170.56
7090	NA	3037	157.19
7250	NA	3037	239.3
7424	NA	3037	190.72
7575	NA	3037	269.54
7683	NA	3037	134.62
8116	NA	3037	198.59
8117	NA	3037	129.92
8608	NA	3037	188.27
8610	NA	3037	140.99
8612	NA	3037	186.04
8613	NA	3037	227.06
8614	NA	3037	346.02
9056	NA	3037	175.97
9071	NA	3037	254.14
9353	NA	3037	331.05
9355	NA	3037	188.13
9356	NA	3037	391.92
9358	NA	3037	114.82
9359	NA	3037	132.04
9361	NA	3037	189.42
9362	NA	3037	177.36
9363	NA	3037	172.88
9649	NA	3037	241.08
10051	NA	3037	163.44
10137	NA	3037	171.99
10381	NA	3037	165.69
10671	NA	3037	129.75
10672	NA	3037	200.93
10743	NA	3037	160.92
11081	NA	3037	138.05
11899	NA	3037	260.67
12028	NA	3037	252.94
6379	NA	3039	278.12
6305	NA	3041	61.16
6306	NA	3041	46.28
6308	NA	3041	46.51
6309	NA	3041	20.1
6310	NA	3041	23.64
6311	NA	3041	38.86
6402	NA	3041	47.61
7091	NA	3041	34.21
8634	NA	3041	11.64
9290	NA	3041	10.88
10247	NA	3041	0.23
11107	NA	3041	14.82
11279	NA	3041	30.66
11548	NA	3041	11.43
11571	NA	3041	29.78
11650	NA	3041	19.34
11665	NA	3041	27.92
11942	NA	3041	109.28
12004	NA	3041	27.05
3588	NA	3042	2.97
4046	NA	3042	426.59
4047	NA	3042	7.15
4048	NA	3042	50.52
4049	NA	3042	66.15
4053	NA	3042	156.95
4055	NA	3042	8.43
4056	NA	3042	32.87
4057	NA	3042	154.77
4058	NA	3042	56.76
4061	NA	3042	18.18
4063	NA	3042	19.81
4065	NA	3042	23.11
4066	NA	3042	121.14
4068	NA	3042	42.76
4069	NA	3042	81.66
4070	NA	3042	11.38
4073	NA	3042	77.79
4074	NA	3042	35.82
4076	NA	3042	300.38
4077	NA	3042	250.84
4078	NA	3042	22.59
4079	NA	3042	18.92
4082	NA	3042	113.34
4083	NA	3042	40.72
4084	NA	3042	87.24
4086	NA	3042	2.71
4088	NA	3042	24.1
4090	NA	3042	62.54
4091	NA	3042	20.69
4094	NA	3042	41.75
4095	NA	3042	9.12
4096	NA	3042	16.86
4098	NA	3042	21.64
4099	NA	3042	208.47
4100	NA	3042	2.76
4101	NA	3042	81.29
4102	NA	3042	53.53
4103	NA	3042	31.88
4104	NA	3042	20.87
4106	NA	3042	48.31
4108	NA	3042	43.95
4109	NA	3042	78.37
4112	NA	3042	182.33
4113	NA	3042	45.85
4114	NA	3042	62.88
4115	NA	3042	45.76
4116	NA	3042	99.89
4117	NA	3042	90.59
4123	NA	3042	7.77
4124	NA	3042	61.59
4125	NA	3042	69.55
4126	NA	3042	1.74
4127	NA	3042	13.28
4128	NA	3042	119.22
4130	NA	3042	9.39
4131	NA	3042	12.98
4132	NA	3042	13.12
4133	NA	3042	22.8
4135	NA	3042	27.15
4136	NA	3042	64.29
4137	NA	3042	3.88
4138	NA	3042	153.75
4144	NA	3042	118.38
4147	NA	3042	18.52
4150	NA	3042	30.6
4151	NA	3042	159.85
4154	NA	3042	3.9
4155	NA	3042	39.29
4157	NA	3042	129.98
4158	NA	3042	18.2
4159	NA	3042	2.52
4160	NA	3042	2.13
4161	NA	3042	47.08
4162	NA	3042	194.86
4163	NA	3042	57.36
4164	NA	3042	89
4165	NA	3042	195.21
4166	NA	3042	221.2
4167	NA	3042	51.93
4168	NA	3042	28.01
4169	NA	3042	58.78
4170	NA	3042	60.31
4171	NA	3042	8.63
4174	NA	3042	734.89
4175	NA	3042	8.58
4176	NA	3042	2.89
4180	NA	3042	22.4
4182	NA	3042	99.75
4183	NA	3042	19.03
4186	NA	3042	47.86
4187	NA	3042	33.36
4188	NA	3042	71.48
4190	NA	3042	111.39
4191	NA	3042	24.26
4193	NA	3042	15.8
4194	NA	3042	17.44
4196	NA	3042	24.68
4197	NA	3042	49.73
4199	NA	3042	34.99
4202	NA	3042	15.67
4203	NA	3042	4.55
4206	NA	3042	53.74
4207	NA	3042	91.91
4209	NA	3042	148.91
4210	NA	3042	926.64
4212	NA	3042	175.97
4216	NA	3042	219.98
4218	NA	3042	23.33
4219	NA	3042	8.51
4222	NA	3042	25.07
4224	NA	3042	29.54
4225	NA	3042	54.4
4226	NA	3042	153.12
4227	NA	3042	21.59
4229	NA	3042	8.47
4230	NA	3042	21.17
4238	NA	3042	17.54
4242	NA	3042	102.93
4243	NA	3042	52.12
4244	NA	3042	14.01
4245	NA	3042	8.41
4246	NA	3042	32.06
4248	NA	3042	11.43
4249	NA	3042	61.86
4250	NA	3042	57.42
4251	NA	3042	22.08
4253	NA	3042	17.55
4256	NA	3042	9.26
4257	NA	3042	14.93
4259	NA	3042	358.94
4260	NA	3042	21.91
4261	NA	3042	47.93
5193	NA	3042	227.45
5200	NA	3042	463.7
5269	NA	3042	6.87
5270	NA	3042	9.96
5779	NA	3042	23.03
6057	NA	3042	32.54
6189	NA	3042	8.58
6245	NA	3042	164.1
6404	NA	3042	29.67
6405	NA	3042	9.64
6406	NA	3042	22.08
6444	NA	3042	25.77
6835	NA	3042	80.76
6838	NA	3042	167.72
6840	NA	3042	513.11
6843	NA	3042	523.25
6844	NA	3042	20.88
6845	NA	3042	131.56
6847	NA	3042	239.28
6851	NA	3042	137.47
6852	NA	3042	162.56
6884	NA	3042	64.94
6930	NA	3042	43.58
7342	NA	3042	73.07
7571	NA	3042	18.47
7577	NA	3042	8.95
8170	NA	3042	146.12
8171	NA	3042	83.3
8655	NA	3042	17.26
8656	NA	3042	179.73
8658	NA	3042	27.83
8689	NA	3042	122.78
8690	NA	3042	47.6
9026	NA	3042	55.65
9114	NA	3042	10.07
9236	NA	3042	3.95
9238	NA	3042	38.79
9239	NA	3042	10.2
9262	NA	3042	76.06
9263	NA	3042	3.88
9264	NA	3042	47.82
9693	NA	3042	352.81
9876	NA	3042	10.51
10140	NA	3042	16.88
10273	NA	3042	180.13
10274	NA	3042	31.67
10276	NA	3042	23.56
10352	NA	3042	62.98
10783	NA	3042	60.94
11158	NA	3042	64.01
11832	NA	3042	39.29
12105	NA	3042	51.19
5265	NA	3043	278.56
5267	NA	3043	188.24
5268	NA	3043	119.63
5457	NA	3043	262.27
5459	NA	3043	157.43
5460	NA	3043	90.51
5461	NA	3043	542.48
5462	NA	3043	54.28
5463	NA	3043	29.27
5464	NA	3043	36.87
5465	NA	3043	435.47
5466	NA	3043	88.69
5467	NA	3043	249.38
5469	NA	3043	114.4
5470	NA	3043	99.83
5471	NA	3043	150.49
5472	NA	3043	202.29
5473	NA	3043	24.44
5474	NA	3043	80.03
5475	NA	3043	25.17
5477	NA	3043	402.04
5478	NA	3043	122.98
5479	NA	3043	699.1
5480	NA	3043	363.25
5481	NA	3043	69.91
5482	NA	3043	123.17
5485	NA	3043	74.7
5486	NA	3043	114.48
5488	NA	3043	456.69
5489	NA	3043	405.71
5490	NA	3043	604.56
5491	NA	3043	71.87
5492	NA	3043	229.65
5494	NA	3043	73.66
5495	NA	3043	42.99
5496	NA	3043	58.67
5497	NA	3043	46.73
5564	NA	3043	275.56
5565	NA	3043	16.71
5567	NA	3043	685.95
5568	NA	3043	427.36
5569	NA	3043	506.39
5677	NA	3043	86.13
5678	NA	3043	29.11
5679	NA	3043	399.34
5680	NA	3043	26.12
5681	NA	3043	509.57
5682	NA	3043	72.78
5683	NA	3043	81.88
5684	NA	3043	131.83
5685	NA	3043	182.94
5686	NA	3043	8.78
5688	NA	3043	37.3
5689	NA	3043	129.11
5690	NA	3043	21.8
5691	NA	3043	53.68
5692	NA	3043	242.07
5693	NA	3043	36.05
5694	NA	3043	91.26
5695	NA	3043	149.08
5696	NA	3043	341.04
5697	NA	3043	61.45
5698	NA	3043	64.96
5699	NA	3043	66.44
5700	NA	3043	106.66
5701	NA	3043	135.52
5702	NA	3043	179.13
5703	NA	3043	375.72
5704	NA	3043	100.19
5705	NA	3043	103.18
5706	NA	3043	173.96
5775	NA	3043	101.07
5776	NA	3043	336.17
5777	NA	3043	234.18
5778	NA	3043	15.94
5859	NA	3043	112.23
5860	NA	3043	169.38
5896	NA	3043	520.28
9898	NA	3043	801.43
10025	NA	3043	195.55
10026	NA	3043	17.3
10027	NA	3043	5.6
10737	NA	3043	27.92
6484	NA	3044	271.26
6660	NA	3044	845.15
6661	NA	3044	506.8
6662	NA	3044	165.31
9070	NA	3044	289.04
9584	NA	3044	319.32
11525	NA	3044	347.98
1620	NA	3046	123.05
1936	NA	3046	220.32
2042	NA	3046	194.71
2069	NA	3046	95.24
3431	NA	3046	37.84
3594	NA	3046	39.45
4674	NA	3046	107.99
4994	NA	3046	93.95
4997	NA	3046	110.01
5177	NA	3046	227.69
5986	NA	3046	70.22
6006	NA	3046	73.37
6023	NA	3046	447.81
6589	NA	3046	276.92
6665	NA	3046	75.94
6873	NA	3046	148.39
7092	NA	3046	376.59
7093	NA	3046	154.17
7251	NA	3046	102.52
7599	NA	3046	62.13
7700	NA	3046	283.21
8748	NA	3046	238.89
9241	NA	3046	272.68
9242	NA	3046	450.2
10230	NA	3046	99.13
10246	NA	3046	168.04
10337	NA	3046	119.06
10451	NA	3046	226.4
10735	NA	3046	258.51
11047	NA	3046	115.45
11291	NA	3046	135.34
2235	NA	3054	108.24
2239	NA	3054	151.15
6929	NA	3054	191.97
7086	NA	3054	636.67
9184	NA	3054	91.01
10826	NA	3054	69.17
10919	NA	3054	149.16
11035	NA	3054	110.48
11989	NA	3054	83.57
5839	NA	3056	192.98
5840	NA	3056	135.05
10016	NA	3056	551.86
10394	NA	3056	395.33
2238	NA	3059	62.13
7676	NA	3059	51.52
7692	NA	3059	77.59
8635	NA	3059	65.21
10235	NA	3059	120.56
10584	NA	3059	87.23
10809	NA	3059	131.05
10828	NA	3059	164.73
11164	NA	3059	52.6
12132	NA	3059	236.79
6317	NA	3062	48.55
6318	NA	3062	64.22
6453	NA	3062	26.45
6666	NA	3062	514.33
10808	NA	3062	39.09
11549	NA	3062	96.65
11550	NA	3062	96.65
11551	NA	3062	96.65
11620	NA	3062	58.69
4262	NA	3063	18.1
4263	NA	3063	22.66
4264	NA	3063	13.69
4265	NA	3063	3.84
4266	NA	3063	10.68
4268	NA	3063	8.79
4269	NA	3063	4.47
4270	NA	3063	8.51
4272	NA	3063	2.43
4273	NA	3063	57.72
4274	NA	3063	59.58
4275	NA	3063	47.34
4277	NA	3063	39.69
4278	NA	3063	78.96
4279	NA	3063	19.65
4282	NA	3063	13.2
4284	NA	3063	25.96
4285	NA	3063	25.24
4286	NA	3063	56.31
4290	NA	3063	10.89
4291	NA	3063	5.65
4292	NA	3063	46.18
4295	NA	3063	104.75
4300	NA	3063	6.71
4301	NA	3063	24.65
4302	NA	3063	10.06
4303	NA	3063	56.49
4308	NA	3063	31.94
4311	NA	3063	93.03
4320	NA	3063	70.49
4323	NA	3063	47.49
4326	NA	3063	64.54
4328	NA	3063	23.1
4329	NA	3063	145.58
4330	NA	3063	61.08
4331	NA	3063	94.17
4335	NA	3063	78.59
4338	NA	3063	35.72
4343	NA	3063	175.72
4345	NA	3063	62.75
4347	NA	3063	8.99
4348	NA	3063	25.97
4349	NA	3063	40.31
4350	NA	3063	65.57
4351	NA	3063	7.72
4352	NA	3063	23.43
4353	NA	3063	20.22
4355	NA	3063	19.65
4356	NA	3063	51.28
4358	NA	3063	82.32
4361	NA	3063	34.19
4363	NA	3063	31.15
4368	NA	3063	20.22
4370	NA	3063	18.76
4371	NA	3063	51.1
4372	NA	3063	44.33
4374	NA	3063	66.32
4376	NA	3063	18.64
4377	NA	3063	280.21
4378	NA	3063	75.14
4379	NA	3063	126.42
4380	NA	3063	26.24
4383	NA	3063	12.1
4384	NA	3063	32.67
4387	NA	3063	54.18
4388	NA	3063	29.56
4390	NA	3063	20.92
4391	NA	3063	24.91
4392	NA	3063	51.53
4393	NA	3063	26.61
4395	NA	3063	61.51
4396	NA	3063	138.17
4397	NA	3063	14.02
4398	NA	3063	13.89
4399	NA	3063	42.54
4400	NA	3063	13.52
4402	NA	3063	48.98
4403	NA	3063	8.64
4404	NA	3063	35.19
4408	NA	3063	45.08
4410	NA	3063	55.13
4411	NA	3063	19.67
4412	NA	3063	14.52
4413	NA	3063	54.49
4416	NA	3063	30.98
4420	NA	3063	9.88
4422	NA	3063	17.6
4423	NA	3063	23.35
4426	NA	3063	19.63
4427	NA	3063	101.03
4429	NA	3063	23.83
4430	NA	3063	9.94
4432	NA	3063	106.24
4434	NA	3063	27.44
4435	NA	3063	24.99
4437	NA	3063	40.96
4438	NA	3063	27.8
5271	NA	3063	14.66
5801	NA	3063	59.3
6324	NA	3063	15.18
6325	NA	3063	77.62
6326	NA	3063	52.46
6421	NA	3063	54.99
6700	NA	3063	77.02
6896	NA	3063	18.39
7125	NA	3063	260.57
7578	NA	3063	7.33
7579	NA	3063	30.97
7690	NA	3063	4.53
8661	NA	3063	6.57
8825	NA	3063	6.45
8938	NA	3063	37.52
8939	NA	3063	4.1
9017	NA	3063	3.37
9040	NA	3063	49.81
9160	NA	3063	30.9
9244	NA	3063	66.08
9268	NA	3063	61.95
10056	NA	3063	21.88
10455	NA	3063	64.24
11108	NA	3063	22.62
11283	NA	3063	13.34
11672	NA	3063	43.85
11842	NA	3063	21.48
11843	NA	3063	24.16
11844	NA	3063	26.85
11845	NA	3063	24.85
11846	NA	3063	32.21
11847	NA	3063	29.36
11848	NA	3063	37.58
11849	NA	3063	40.27
11850	NA	3063	36.14
11851	NA	3063	45.64
11853	NA	3063	41.61
11855	NA	3063	36.24
11856	NA	3063	33.56
11857	NA	3063	30.87
11858	NA	3063	28.19
11859	NA	3063	25.5
11860	NA	3063	22.82
11862	NA	3063	40.66
12032	NA	3063	7.46
12033	NA	3063	13.27
12034	NA	3063	28.57
12107	NA	3063	42.82
5498	NA	3064	119.91
5499	NA	3064	94.87
5500	NA	3064	124.42
5501	NA	3064	62.6
5503	NA	3064	127.47
5504	NA	3064	129.71
5505	NA	3064	86.39
5506	NA	3064	31.61
5507	NA	3064	83.4
5571	NA	3064	1086.17
5572	NA	3064	773.06
5707	NA	3064	46.82
5708	NA	3064	41.09
5709	NA	3064	389.32
5710	NA	3064	233.65
5711	NA	3064	165.51
5712	NA	3064	142.25
5713	NA	3064	101.3
5714	NA	3064	50.96
5715	NA	3064	76.26
5716	NA	3064	81.89
5717	NA	3064	108.72
5718	NA	3064	884.16
5719	NA	3064	737.74
5720	NA	3064	44.5
5721	NA	3064	207.37
5722	NA	3064	67.68
5737	NA	3064	59.89
5738	NA	3064	370.8
5780	NA	3064	109.1
5781	NA	3064	53.66
5782	NA	3064	112.16
5783	NA	3064	113.26
5784	NA	3064	31.96
5785	NA	3064	304.38
5786	NA	3064	61.46
5787	NA	3064	51.91
5788	NA	3064	178.56
5789	NA	3064	354.25
5790	NA	3064	117.54
5791	NA	3064	148.41
5792	NA	3064	82.96
5793	NA	3064	96.81
5794	NA	3064	33.89
5795	NA	3064	141.05
5797	NA	3064	7.62
5798	NA	3064	13.34
5799	NA	3064	15.05
5800	NA	3064	7.37
5803	NA	3064	282.98
5837	NA	3064	13.63
5838	NA	3064	287.03
5865	NA	3064	293.04
5867	NA	3064	374.13
5868	NA	3064	30.89
5869	NA	3064	369.12
5870	NA	3064	18.65
5871	NA	3064	105.84
5872	NA	3064	84.66
5873	NA	3064	117.02
5874	NA	3064	27.77
5875	NA	3064	66.17
5877	NA	3064	14.65
5878	NA	3064	21.88
5879	NA	3064	77.48
5880	NA	3064	45.85
5882	NA	3064	85.48
5885	NA	3064	10.02
5886	NA	3064	421.53
5887	NA	3064	128.03
5888	NA	3064	160.59
5889	NA	3064	356.77
5890	NA	3064	114.98
6529	NA	3064	227.92
6530	NA	3064	408.62
6874	NA	3064	89.49
6875	NA	3064	213.03
9369	NA	3064	432.34
9817	NA	3064	126.43
10028	NA	3064	9.36
10029	NA	3064	221.42
12106	NA	3064	509.87
6489	NA	3065	285
10055	NA	3065	260.42
11526	NA	3065	283.51
1804	NA	3066	172.29
1935	NA	3066	87.05
1939	NA	3066	160.88
1959	NA	3066	114.34
2168	NA	3066	190.41
4998	NA	3066	250.22
6203	NA	3066	223.12
6451	NA	3066	281.09
6956	NA	3066	98.28
7186	NA	3066	258.72
7246	NA	3066	47.48
8588	NA	3066	37.95
8627	NA	3066	80.96
8766	NA	3066	191.99
8937	NA	3066	84.4
9115	NA	3066	144.83
9116	NA	3066	155.65
9847	NA	3066	91.57
9966	NA	3066	131.33
10070	NA	3066	67.07
10179	NA	3066	285.15
10679	NA	3066	288.68
11206	NA	3066	180.49
6329	NA	3071	36.78
6330	NA	3071	54.71
6331	NA	3071	31.55
6334	NA	3071	37.84
6335	NA	3071	33.08
6337	NA	3071	46.65
6340	NA	3071	48.55
6342	NA	3071	62.06
6343	NA	3071	65.93
6344	NA	3071	90.04
6346	NA	3071	58.52
6347	NA	3071	227.08
6577	NA	3071	227.29
6770	NA	3071	55.39
6772	NA	3071	58.09
7237	NA	3071	64.64
7357	NA	3071	13.8
7358	NA	3071	55.19
9218	NA	3071	281.53
9332	NA	3071	37.6
9582	NA	3071	50.58
9880	NA	3071	22.31
10210	NA	3071	168.22
10211	NA	3071	79.31
10248	NA	3071	98.63
10814	NA	3071	63.81
11109	NA	3071	46.47
11129	NA	3071	133.26
11211	NA	3071	22.61
11212	NA	3071	10.43
11574	NA	3071	281.53
11575	NA	3071	281.53
4441	NA	3072	375.28
4442	NA	3072	336.37
4443	NA	3072	45.23
4444	NA	3072	206.31
4447	NA	3072	63.78
4449	NA	3072	17.9
4451	NA	3072	61.36
4453	NA	3072	28.01
4456	NA	3072	80.86
4457	NA	3072	138.11
4459	NA	3072	11.07
4460	NA	3072	135.09
4461	NA	3072	258.98
4462	NA	3072	234.24
4463	NA	3072	250.48
4464	NA	3072	171.61
4465	NA	3072	389.65
4466	NA	3072	69.41
4470	NA	3072	20.3
4471	NA	3072	78.46
4472	NA	3072	121.3
4473	NA	3072	114.28
4474	NA	3072	102.72
4475	NA	3072	228.13
4477	NA	3072	130.43
4479	NA	3072	161.54
4480	NA	3072	50.98
4481	NA	3072	183.61
4484	NA	3072	47.11
4485	NA	3072	196.08
4487	NA	3072	547.25
4488	NA	3072	640.02
4489	NA	3072	45.74
4491	NA	3072	25.49
4492	NA	3072	180.32
4493	NA	3072	32.67
4496	NA	3072	15.72
4498	NA	3072	22.81
4499	NA	3072	59.9
4500	NA	3072	170.07
4502	NA	3072	98.89
4503	NA	3072	122.61
4504	NA	3072	27.35
4505	NA	3072	13.77
4506	NA	3072	26.87
4507	NA	3072	137.64
4508	NA	3072	47.74
4510	NA	3072	25.25
4511	NA	3072	102.69
4512	NA	3072	200.47
4513	NA	3072	6.93
4514	NA	3072	30.61
4515	NA	3072	65.81
4516	NA	3072	7.9
4517	NA	3072	101.89
4518	NA	3072	18.09
4519	NA	3072	59.84
4521	NA	3072	8.01
4522	NA	3072	19.98
4523	NA	3072	42.4
4524	NA	3072	23.38
4525	NA	3072	93.72
4526	NA	3072	1353.59
4531	NA	3072	101.11
4532	NA	3072	72.05
4533	NA	3072	24.34
4535	NA	3072	142.88
4536	NA	3072	106.51
4537	NA	3072	27.2
4538	NA	3072	82.77
4539	NA	3072	178.1
4541	NA	3072	215.19
4543	NA	3072	21.51
4545	NA	3072	77.88
4546	NA	3072	145.05
4548	NA	3072	183.28
4550	NA	3072	88.88
4552	NA	3072	61.04
4553	NA	3072	12.52
4554	NA	3072	403.26
4557	NA	3072	59.48
4558	NA	3072	83.34
4559	NA	3072	17.59
4560	NA	3072	82.18
4561	NA	3072	32.73
4562	NA	3072	67.96
4565	NA	3072	36.26
4567	NA	3072	151.71
4569	NA	3072	394.45
4570	NA	3072	101.93
4573	NA	3072	15.21
4574	NA	3072	11.83
4575	NA	3072	3.54
4576	NA	3072	85.3
4577	NA	3072	157.2
4578	NA	3072	101.76
4579	NA	3072	10.67
4581	NA	3072	10.56
4582	NA	3072	169.32
4584	NA	3072	95.05
4585	NA	3072	26.24
4586	NA	3072	124.83
4587	NA	3072	40.16
4589	NA	3072	102.37
4590	NA	3072	8.88
4594	NA	3072	78.56
4595	NA	3072	21.65
4596	NA	3072	114.99
4597	NA	3072	83.35
4598	NA	3072	337.42
4599	NA	3072	45.17
4600	NA	3072	143.69
4601	NA	3072	34.66
4602	NA	3072	39.13
4604	NA	3072	48.94
4605	NA	3072	13.29
4609	NA	3072	48.24
4610	NA	3072	111.25
4611	NA	3072	22.05
4612	NA	3072	6.75
4614	NA	3072	21.81
4615	NA	3072	25.4
4616	NA	3072	72.2
5893	NA	3072	245.89
5895	NA	3072	27.42
5901	NA	3072	244.63
6102	NA	3072	73.18
6168	NA	3072	43.99
6350	NA	3072	444.46
6768	NA	3072	156.85
6769	NA	3072	293.4
6961	NA	3072	40.73
7189	NA	3072	16.97
7235	NA	3072	147.37
7236	NA	3072	84.96
7351	NA	3072	28.81
7677	NA	3072	9.33
7679	NA	3072	24.76
7718	NA	3072	43.81
8037	NA	3072	2.78
8624	NA	3072	150.64
8648	NA	3072	15.68
8649	NA	3072	117.01
8833	NA	3072	32.57
9019	NA	3072	104.42
9137	NA	3072	133.75
9161	NA	3072	29.45
9248	NA	3072	201.86
9271	NA	3072	28.96
9617	NA	3072	64.23
9618	NA	3072	158.11
9883	NA	3072	28.19
9886	NA	3072	395.8
9887	NA	3072	68.71
9888	NA	3072	48.78
9967	NA	3072	285.4
10310	NA	3072	89.13
10311	NA	3072	29.96
11056	NA	3072	52.57
11057	NA	3072	207.71
11058	NA	3072	50.37
11059	NA	3072	20.05
11169	NA	3072	21.36
11286	NA	3072	171.53
11288	NA	3072	106.35
11290	NA	3072	34.64
11623	NA	3072	107.27
12109	NA	3072	98.56
12110	NA	3072	98.56
6534	NA	3073	276.45
6537	NA	3073	142.63
6538	NA	3073	23.63
9073	NA	3073	85.4
2438	NA	3074	192
2547	NA	3074	107.98
2548	NA	3074	132.65
2549	NA	3074	195.08
2550	NA	3074	81.53
2551	NA	3074	177.38
2553	NA	3074	166.16
2554	NA	3074	97.33
2566	NA	3074	106.1
2569	NA	3074	160.31
2582	NA	3074	176.4
2598	NA	3074	240.25
2647	NA	3074	110.99
2648	NA	3074	71.68
2650	NA	3074	129.66
3446	NA	3074	152.22
3447	NA	3074	178.32
3448	NA	3074	180.91
3449	NA	3074	140.79
3639	NA	3074	134.78
3640	NA	3074	187.54
5000	NA	3074	218.2
5001	NA	3074	217.47
5002	NA	3074	61.7
6328	NA	3074	70.04
6422	NA	3074	135.74
6533	NA	3074	89.48
6574	NA	3074	537.94
7082	NA	3074	48.96
7447	NA	3074	171.91
8563	NA	3074	201.18
9074	NA	3074	101.25
9165	NA	3074	126.25
9166	NA	3074	206.12
9250	NA	3074	409.56
9819	NA	3074	265.41
10022	NA	3074	120.92
10212	NA	3074	312.38
10746	NA	3074	281.82
10943	NA	3074	200.27
11091	NA	3074	139.61
11122	NA	3074	136.44
11123	NA	3074	212.4
11622	NA	3074	165.33
11635	NA	3074	154.28
11715	NA	3074	249.6
12099	NA	3074	210.63
7311	NA	3189	361.21
7312	NA	3189	104.53
7313	NA	3189	72.28
7314	NA	3189	242.73
7315	NA	3189	127.11
7316	NA	3189	940.18
7317	NA	3189	931.94
7318	NA	3189	107.19
7319	NA	3189	48.71
7320	NA	3189	103.13
7321	NA	3189	89.41
7322	NA	3189	74.3
7323	NA	3189	95.42
7324	NA	3189	255.07
7325	NA	3189	107.05
7326	NA	3189	140.89
7327	NA	3189	362.37
7328	NA	3189	82.82
7329	NA	3189	934.42
7330	NA	3189	974.17
7331	NA	3189	125.25
7550	NA	3189	59.93
7333	NA	3190	369.7
7334	NA	3190	59.21
7335	NA	3190	94.56
7336	NA	3190	89.22
7337	NA	3190	88.22
7338	NA	3190	156.25
7559	NA	3190	57.58
7339	NA	3191	670.75
7340	NA	3191	1402.79
7341	NA	3191	100.66
7364	NA	3191	310.69
7343	NA	3192	202.98
7344	NA	3192	1474.38
7345	NA	3192	162.35
7346	NA	3192	440.08
7348	NA	3192	107.14
7349	NA	3193	160.79
7350	NA	3193	423.3
7352	NA	3193	258.57
7353	NA	3193	390.46
7354	NA	3193	416.5
7402	NA	3199	454.76
7405	NA	3199	309.04
7406	NA	3199	623.06
7407	NA	3199	298.04
7408	NA	3199	277.04
7410	NA	3199	390.83
5050	NA	3202	5712.4
6614	NA	3202	4565.45
9096	NA	3202	6144.79
7728	NA	3206	22.92
7729	NA	3206	24.39
7730	NA	3206	10.28
7732	NA	3206	4.57
7733	NA	3206	13.19
7736	NA	3206	26.86
7739	NA	3206	5.52
7740	NA	3206	107.27
7741	NA	3206	17.89
7742	NA	3206	4.21
7743	NA	3206	4
7744	NA	3206	8.04
7746	NA	3206	11.78
7747	NA	3206	24.83
7750	NA	3206	17.81
7751	NA	3206	4.71
7752	NA	3206	27.87
7753	NA	3206	32.03
7754	NA	3206	3.62
7755	NA	3206	13.37
7756	NA	3206	80.21
7757	NA	3206	4.46
7758	NA	3206	3.91
7761	NA	3206	8.34
7762	NA	3206	3.45
7763	NA	3206	3.95
7764	NA	3206	24.25
7765	NA	3206	63.86
7766	NA	3206	9.64
7768	NA	3206	28.17
7769	NA	3206	91.8
7770	NA	3206	51.57
7773	NA	3206	25.75
7774	NA	3206	14.8
7777	NA	3206	58.96
7778	NA	3206	37.18
7780	NA	3206	158.1
7781	NA	3206	3.8
7782	NA	3206	20.04
7786	NA	3206	0.05
7787	NA	3206	11.33
7788	NA	3206	7.37
7789	NA	3206	12.21
7790	NA	3206	52.68
7791	NA	3206	52.9
7792	NA	3206	20.7
8631	NA	3206	32.04
9222	NA	3206	5.96
9690	NA	3206	3.08
9904	NA	3206	28.01
10079	NA	3206	17.77
10437	NA	3206	23.05
10438	NA	3206	5.41
10653	NA	3206	8.52
11578	NA	3206	10.28
11921	NA	3206	115.31
7802	NA	3207	16.75
7805	NA	3207	28.39
7807	NA	3207	6.35
9838	NA	3207	153.79
7809	NA	3208	52.8
7810	NA	3208	85.09
7813	NA	3208	63.98
7816	NA	3208	15.17
7819	NA	3208	42.9
7824	NA	3208	23.17
7828	NA	3208	15.87
9030	NA	3208	16.74
9317	NA	3208	49.54
9620	NA	3208	73.65
9683	NA	3208	39.61
10093	NA	3208	0.21
10281	NA	3208	47.92
10339	NA	3208	285.57
10453	NA	3208	22.7
11828	NA	3208	76.44
11829	NA	3208	76.44
7715	NA	3209	107.98
7832	NA	3209	40.8
7834	NA	3209	34.47
7835	NA	3209	212.09
7836	NA	3209	172.71
7837	NA	3209	10.76
7838	NA	3209	50.96
7840	NA	3209	36.54
7842	NA	3209	76.24
7843	NA	3209	14.98
7845	NA	3209	41.13
7850	NA	3209	7.7
7851	NA	3209	45.41
7852	NA	3209	171.52
7853	NA	3209	9.85
7854	NA	3209	9.29
7855	NA	3209	396.57
7856	NA	3209	38.83
7857	NA	3209	16.02
7858	NA	3209	18.88
7860	NA	3209	74.65
7861	NA	3209	9.65
7863	NA	3209	44.02
7864	NA	3209	16.08
7867	NA	3209	130.31
7868	NA	3209	59.9
7869	NA	3209	15.92
7871	NA	3209	8.25
7872	NA	3209	86.91
7873	NA	3209	284.16
7874	NA	3209	19.54
7876	NA	3209	1.25
7878	NA	3209	7.01
7879	NA	3209	26.43
7885	NA	3209	39.38
7886	NA	3209	23.53
7889	NA	3209	204.76
7890	NA	3209	21.36
7893	NA	3209	3.13
7896	NA	3209	7.39
7898	NA	3209	72.21
7899	NA	3209	14.75
7900	NA	3209	26.58
7901	NA	3209	7.88
7902	NA	3209	11.84
7903	NA	3209	6.77
7904	NA	3209	97.51
7905	NA	3209	36.3
7906	NA	3209	17.03
7908	NA	3209	3.02
7909	NA	3209	67.42
7910	NA	3209	12.61
7911	NA	3209	38.68
7913	NA	3209	131.72
7915	NA	3209	46.42
7916	NA	3209	182.39
7918	NA	3209	115.34
7921	NA	3209	46.68
7924	NA	3209	27.72
7926	NA	3209	77.43
7927	NA	3209	65.21
7928	NA	3209	8.74
7929	NA	3209	0.05
7931	NA	3209	10.02
7938	NA	3209	0.39
7942	NA	3209	16.3
7943	NA	3209	16.85
7954	NA	3209	13.58
8694	NA	3209	319.77
9033	NA	3209	21.91
9246	NA	3209	82.67
9320	NA	3209	200.68
9321	NA	3209	56.83
9368	NA	3209	9.32
9571	NA	3209	22.1
9572	NA	3209	33.34
9684	NA	3209	37.52
9685	NA	3209	11.68
9899	NA	3209	3.58
10057	NA	3209	21.92
10456	NA	3209	14.12
10680	NA	3209	56.57
10681	NA	3209	245.21
11584	NA	3209	19.85
11618	NA	3209	60.54
11632	NA	3209	18.84
11673	NA	3209	18.84
11674	NA	3209	52.41
11675	NA	3209	55.32
11676	NA	3209	58.24
11677	NA	3209	61.15
11764	NA	3209	61.41
11765	NA	3209	68.23
11839	NA	3209	20.41
11840	NA	3209	63.81
11841	NA	3209	56.72
7999	NA	3210	61.58
8001	NA	3210	42.97
8003	NA	3210	22.34
8006	NA	3210	21.21
8007	NA	3210	13.74
8009	NA	3210	33.57
8010	NA	3210	18.47
8011	NA	3210	26.85
8013	NA	3210	21.67
8014	NA	3210	37.33
8015	NA	3210	31.38
8016	NA	3210	21.75
8019	NA	3210	18.86
8021	NA	3210	34.52
8022	NA	3210	56.21
8023	NA	3210	51.89
8024	NA	3210	11.17
8025	NA	3210	30.83
8026	NA	3210	42.92
8027	NA	3210	24.45
8029	NA	3210	27
8030	NA	3210	53.86
8039	NA	3210	103.5
8041	NA	3210	62.34
8042	NA	3210	98.3
8043	NA	3210	470.73
8044	NA	3210	90.65
8045	NA	3210	68.39
8046	NA	3210	97.87
8048	NA	3210	206.51
8049	NA	3210	15.64
8052	NA	3210	506.68
8053	NA	3210	2.68
8056	NA	3210	52.87
8058	NA	3210	52.43
8061	NA	3210	126.4
8062	NA	3210	15.02
8063	NA	3210	42.14
8064	NA	3210	71.91
8065	NA	3210	76.18
8070	NA	3210	98.94
8071	NA	3210	137.12
8072	NA	3210	149.48
8073	NA	3210	103.94
8074	NA	3210	39.66
8076	NA	3210	7.62
8077	NA	3210	46.53
8079	NA	3210	42.01
8081	NA	3210	15.73
8083	NA	3210	48.15
8084	NA	3210	16.08
8085	NA	3210	21.36
8090	NA	3210	91.58
8091	NA	3210	18
8094	NA	3210	17.69
8095	NA	3210	25.07
8096	NA	3210	15.52
8097	NA	3210	27.93
8099	NA	3210	12.44
8100	NA	3210	21.5
8102	NA	3210	9.17
8106	NA	3210	122.36
8108	NA	3210	22.1
8194	NA	3210	61.17
8672	NA	3210	62.67
8674	NA	3210	37.94
9041	NA	3210	11.95
9046	NA	3210	16.54
9047	NA	3210	27.49
9324	NA	3210	0.08
9577	NA	3210	47.61
9686	NA	3210	42.8
9687	NA	3210	27.01
9845	NA	3210	108.75
10060	NA	3210	69.11
10348	NA	3210	558.07
10349	NA	3210	355.2
10976	NA	3210	13.47
10977	NA	3210	30.63
11038	NA	3210	104.88
11040	NA	3210	148.52
11947	NA	3210	161.12
8726	NA	3248	411.48
8728	NA	3248	204.64
8763	NA	3252	86.79
8772	NA	3254	471.06
8797	NA	3254	340.02
8800	NA	3254	155.86
8801	NA	3254	383.24
8802	NA	3254	203.81
8804	NA	3254	661.57
8811	NA	3254	150.91
8813	NA	3254	188.78
8819	NA	3254	500.1
8821	NA	3254	381.58
8822	NA	3254	404.27
8771	NA	3255	501.21
8773	NA	3255	167.67
8791	NA	3255	68.63
8792	NA	3255	104.23
8798	NA	3255	157.85
8799	NA	3255	333.57
8803	NA	3255	175.55
8805	NA	3255	151.52
8807	NA	3255	132.74
8808	NA	3255	157.72
8814	NA	3255	119.08
8818	NA	3255	133.68
8820	NA	3255	142.1
8823	NA	3255	186.24
8774	NA	3256	87.23
8793	NA	3256	172.15
8824	NA	3256	45.12
8896	NA	3257	674.05
8839	NA	3258	392.6
8842	NA	3258	869.67
8843	NA	3258	1154.22
8847	NA	3258	296.22
8850	NA	3258	1107.71
8852	NA	3258	462.95
8853	NA	3258	465.38
8857	NA	3258	402.14
8876	NA	3258	423.75
8878	NA	3258	251.4
8881	NA	3258	311.36
8889	NA	3258	482.67
8897	NA	3258	358.32
8918	NA	3258	214.82
8921	NA	3258	281.95
8849	NA	3259	327.14
8854	NA	3259	474.56
8862	NA	3259	249.51
8863	NA	3259	218.23
8875	NA	3259	223.4
8890	NA	3259	269.21
8909	NA	3259	215.33
8912	NA	3259	185.71
8923	NA	3259	185.3
10751	NA	3259	188.49
8845	NA	3260	73.02
8886	NA	3260	271.89
8904	NA	3260	140.19
8907	NA	3260	98.58
8680	NA	3261	4219.7
8681	NA	3261	2928.35
9064	NA	3261	3530.31
8699	NA	3262	1631.63
11185	NA	3262	1919.44
11648	NA	3262	596.05
8684	NA	3263	4226.56
8685	NA	3263	3778.55
8693	NA	3264	7827.56
9240	NA	3264	6036.05
8696	NA	3265	7917.68
8697	NA	3265	4895.05
8698	NA	3265	6477.85
9247	NA	3265	7676.09
10198	NA	3265	6369.91
11647	NA	3265	4418.53
6601	NA	3275	1179.98
6613	NA	3277	520.76
6617	NA	3278	2593.58
6623	NA	3282	3415.92
5018	NA	3284	28.06
5167	NA	3284	8.44
5195	NA	3284	9
5196	NA	3284	19.12
6230	NA	3284	32.58
6531	NA	3284	10.16
6532	NA	3284	28.94
6702	NA	3284	25.11
6774	NA	3284	30.3
6960	NA	3284	30.1
9121	NA	3284	0.09
9304	NA	3284	16.31
9380	NA	3284	25.95
9614	NA	3284	20.01
9665	NA	3284	18.49
5185	NA	3285	13.12
6934	NA	3285	2.86
7299	NA	3285	5.9
7428	NA	3285	17.16
7612	NA	3285	4.27
9020	NA	3285	22.35
9282	NA	3285	25.67
9283	NA	3285	5.05
9379	NA	3285	11.29
9970	NA	3285	7.27
10037	NA	3285	3.04
10317	NA	3285	11.05
10727	NA	3285	4.5
6946	NA	3286	6.93
7168	NA	3286	5.81
11224	NA	3286	13.71
11975	NA	3286	3.17
5041	NA	3287	25.08
5192	NA	3287	24.61
6121	NA	3287	23.59
6691	NA	3287	18.36
6952	NA	3287	50.43
7248	NA	3287	24.94
8118	NA	3287	155.92
8587	NA	3287	20.92
9009	NA	3287	8
9022	NA	3287	50.24
9112	NA	3287	29.86
9604	NA	3287	50.51
9634	NA	3287	29.88
9635	NA	3287	14.37
9659	NA	3287	4.66
9824	NA	3287	16.13
9958	NA	3287	12.17
10013	NA	3287	16.44
10094	NA	3287	10.48
10141	NA	3287	12.41
10173	NA	3287	21.19
10174	NA	3287	16.62
10225	NA	3287	6.05
10231	NA	3287	9.12
10357	NA	3287	34.81
10968	NA	3287	9.4
10969	NA	3287	5.21
11082	NA	3287	21.06
11104	NA	3287	18.43
6163	NA	3288	72.2
6414	NA	3288	63.29
6621	NA	3288	8.34
6931	NA	3288	9.01
6932	NA	3288	112.56
7080	NA	3288	35.3
9024	NA	3288	14.79
9118	NA	3288	6.56
9214	NA	3288	17.32
9295	NA	3288	42.37
9965	NA	3288	13.71
10100	NA	3288	7.39
10745	NA	3288	25.04
11085	NA	3288	19.9
11086	NA	3288	10.13
10747	NA	3290	350.71
9006	NA	3293	844.06
8979	NA	3297	1327.81
8985	NA	3298	2234.23
8986	NA	3299	1607
8977	NA	3300	1991.75
8992	NA	3301	1604.11
6709	NA	3388	883.86
6734	NA	3388	738.53
6740	NA	3388	659.93
6748	NA	3389	213.27
9266	NA	3401	4522.41
9983	NA	3401	1263.77
11033	NA	3401	1578.43
6611	NA	3402	1094.14
6605	NA	3403	613.42
9333	NA	3405	354.86
9343	NA	3406	383.39
9344	NA	3406	930.08
9345	NA	3406	143.35
9347	NA	3406	193.93
9348	NA	3406	379.43
9349	NA	3406	200.39
9351	NA	3406	263.26
9352	NA	3406	112.26
9382	NA	3406	145.49
9383	NA	3406	33.55
9384	NA	3406	73.65
9386	NA	3406	11.87
9387	NA	3406	155.59
9388	NA	3406	59.17
9389	NA	3406	46.3
9390	NA	3406	51.71
9391	NA	3406	47.84
9393	NA	3406	69.85
9394	NA	3406	148.8
9397	NA	3406	69.6
9399	NA	3406	15.98
9400	NA	3406	103.82
9401	NA	3406	10.26
9404	NA	3406	10.41
9407	NA	3406	30.87
9409	NA	3406	43.92
9410	NA	3406	81.62
9412	NA	3406	23.67
9413	NA	3406	13.43
9416	NA	3406	269.34
9418	NA	3406	44.68
9419	NA	3406	52.92
9423	NA	3406	5.07
9424	NA	3406	176.17
9426	NA	3406	9.41
9427	NA	3406	125.7
9428	NA	3406	67.65
9429	NA	3406	29.89
9431	NA	3406	46.23
9432	NA	3406	60.69
9433	NA	3406	28.96
9434	NA	3406	155.73
9436	NA	3406	306.76
9437	NA	3406	7.37
9440	NA	3406	177.29
9441	NA	3406	95.64
9442	NA	3406	38.62
9444	NA	3406	51.21
9446	NA	3406	53.21
9447	NA	3406	20.35
9451	NA	3406	43.61
9452	NA	3406	43.09
9454	NA	3406	20.71
9456	NA	3406	179.04
9457	NA	3406	34.33
9458	NA	3406	80.71
9459	NA	3406	20.41
9460	NA	3406	31.07
9461	NA	3406	44.29
9462	NA	3406	189.26
9463	NA	3406	65
9465	NA	3406	35.25
9466	NA	3406	20.07
9467	NA	3406	55.1
9468	NA	3406	52.11
9470	NA	3406	14.8
9471	NA	3406	42.14
9472	NA	3406	124.06
9478	NA	3406	8.31
9479	NA	3406	8.08
9481	NA	3406	50.99
9482	NA	3406	12.99
9485	NA	3406	37.54
9487	NA	3406	9.23
9488	NA	3406	3.5
9489	NA	3406	36.39
9491	NA	3406	107.85
9498	NA	3406	36.35
9500	NA	3406	210.87
9501	NA	3406	39.82
9502	NA	3406	15.53
9504	NA	3406	49.03
9505	NA	3406	96.06
9507	NA	3406	19.53
9509	NA	3406	3.95
9510	NA	3406	54.9
9513	NA	3406	122.25
9514	NA	3406	1.43
9515	NA	3406	11.21
9516	NA	3406	14.78
9517	NA	3406	25.95
9518	NA	3406	3.63
9520	NA	3406	5.24
9524	NA	3406	32.56
9527	NA	3406	108.98
9530	NA	3406	84.1
9532	NA	3406	23.42
9534	NA	3406	2.03
9536	NA	3406	36.24
9539	NA	3406	23.44
9540	NA	3406	49.5
9543	NA	3406	34.5
9546	NA	3406	299.56
9547	NA	3406	238.2
9548	NA	3406	114.91
9550	NA	3406	187.8
9551	NA	3406	83.52
9553	NA	3406	27.06
9650	NA	3406	90.86
9874	NA	3406	8.24
9875	NA	3406	77.51
9555	NA	3407	147.61
9291	NA	3410	4.1
9292	NA	3410	2.46
9312	NA	3410	69.78
9313	NA	3410	51.32
9896	NA	3410	8.01
10178	NA	3410	4.8
10280	NA	3410	24.63
10970	NA	3410	17.18
11547	NA	3410	28.91
11669	NA	3410	30.97
11746	NA	3410	31.52
11938	NA	3410	30.29
9274	NA	3411	10.99
9275	NA	3411	6.7
9276	NA	3411	5.57
9277	NA	3411	2.23
9278	NA	3411	3.24
9279	NA	3411	8.64
9280	NA	3411	5.53
9281	NA	3411	2.32
9311	NA	3411	6.66
9830	NA	3411	0.22
10034	NA	3411	1.43
10061	NA	3411	6.76
11222	NA	3411	3.35
11527	NA	3411	4.75
11601	NA	3411	7.09
11659	NA	3411	3.96
11913	NA	3411	6.05
9285	NA	3412	7.28
9286	NA	3412	3.4
9287	NA	3412	2.37
9288	NA	3412	5.21
9569	NA	3412	4.93
9832	NA	3412	2.01
10171	NA	3412	0.81
10772	NA	3412	4.6
10799	NA	3412	7.05
10960	NA	3412	1.52
11076	NA	3412	4.26
11155	NA	3412	2.16
9293	NA	3413	3.21
9294	NA	3413	47.16
9314	NA	3413	24.02
9636	NA	3413	0.46
9638	NA	3413	2.14
10144	NA	3413	66.98
10287	NA	3413	8.83
10807	NA	3413	9.39
10810	NA	3413	12.15
11513	NA	3413	24.53
12035	NA	3413	1
9297	NA	3414	7.2
9298	NA	3414	18.18
9299	NA	3414	5.95
9300	NA	3414	4.27
9301	NA	3414	24.17
9302	NA	3414	6.48
9315	NA	3414	4.7
9377	NA	3414	6.62
9378	NA	3414	14.18
9642	NA	3414	7.8
9900	NA	3414	4.42
10241	NA	3414	9.02
10297	NA	3414	1.54
10298	NA	3414	21.41
11170	NA	3414	1.91
11621	NA	3414	8.88
11624	NA	3414	9.27
11745	NA	3414	10.45
11752	NA	3414	10.89
12100	NA	3414	11.22
9600	NA	3424	4210.26
10048	NA	3424	1792.3
11894	NA	3424	2089.61
5091	NA	3425	1.41
9849	NA	3438	91.02
9850	NA	3439	4868.07
10725	NA	3439	3165.48
9943	NA	3440	44
9951	NA	3440	90.08
9952	NA	3440	46.62
9953	NA	3440	37.27
10044	NA	3440	45.31
10045	NA	3440	45.05
9927	NA	3441	112.53
9928	NA	3441	187.72
9929	NA	3441	110.84
9930	NA	3441	96.18
9931	NA	3441	29.33
9932	NA	3441	56.04
9933	NA	3441	88.93
9934	NA	3441	67.63
9935	NA	3441	120.6
9936	NA	3441	48.34
9937	NA	3441	38.85
9938	NA	3441	80.95
9939	NA	3441	86.82
9940	NA	3441	108.54
9941	NA	3441	62.6
9942	NA	3441	51.6
9944	NA	3441	140.92
9945	NA	3441	186.9
9946	NA	3441	69.47
9947	NA	3441	115.85
9948	NA	3441	142.17
9949	NA	3441	88.73
9950	NA	3441	107.34
9954	NA	3441	124.11
9956	NA	3441	111.32
10997	NA	3441	81.1
9919	NA	3442	238.75
9920	NA	3442	246.36
9921	NA	3442	334.13
9923	NA	3442	114.79
9924	NA	3442	158.91
9925	NA	3442	231.53
9926	NA	3442	76.4
9918	NA	3443	172.7
9976	NA	3443	253.92
9695	NA	3445	174.45
9696	NA	3445	266.76
9698	NA	3445	200.05
9699	NA	3445	327.43
9718	NA	3445	319.03
9719	NA	3445	655.11
9730	NA	3445	338.06
9743	NA	3445	161.84
9745	NA	3445	447.73
9767	NA	3445	704.83
9769	NA	3445	123.13
9774	NA	3445	595.32
9776	NA	3445	495.19
9815	NA	3445	217.37
11055	NA	3445	381.25
11939	NA	3445	124.37
9818	NA	3446	262.6
9700	NA	3447	131.97
9702	NA	3447	244.64
9704	NA	3447	144.15
9707	NA	3447	78.96
9713	NA	3447	247.88
9717	NA	3447	135.66
9727	NA	3447	190.35
9733	NA	3447	75.16
9735	NA	3447	102.91
9738	NA	3447	65.88
9739	NA	3447	98.67
9740	NA	3447	168.98
9741	NA	3447	89.39
9752	NA	3447	103.98
9753	NA	3447	68.68
9758	NA	3447	144.09
9760	NA	3447	132.2
9764	NA	3447	107.45
9768	NA	3447	79.85
9770	NA	3447	96.24
9771	NA	3447	251.66
9775	NA	3447	130.6
9782	NA	3447	185.4
9783	NA	3447	231.96
9796	NA	3447	202.26
9801	NA	3447	83.68
9803	NA	3447	79.04
9806	NA	3447	81.5
9963	NA	3447	171.62
10154	NA	3447	110.4
10386	NA	3447	74.5
10739	NA	3447	85.09
10740	NA	3447	205.95
11079	NA	3447	153.27
11572	NA	3447	160.5
11830	NA	3447	138.93
9703	NA	3448	208.61
9705	NA	3448	88.41
9709	NA	3448	135.47
9710	NA	3448	209.82
9711	NA	3448	181.46
9712	NA	3448	75.4
9714	NA	3448	157.93
9715	NA	3448	290.97
9721	NA	3448	214.57
9723	NA	3448	131.62
9725	NA	3448	409.25
9726	NA	3448	88.49
9728	NA	3448	111.04
9729	NA	3448	257.74
9731	NA	3448	333.62
9732	NA	3448	100.09
9734	NA	3448	216.19
9736	NA	3448	147.76
9737	NA	3448	263.13
9744	NA	3448	185.13
9746	NA	3448	356.36
9747	NA	3448	189.51
9750	NA	3448	194.16
9751	NA	3448	181.27
9754	NA	3448	196.6
9755	NA	3448	96.74
9756	NA	3448	195.79
9761	NA	3448	231.49
9763	NA	3448	100.63
9765	NA	3448	164.48
9772	NA	3448	76.12
9777	NA	3448	82.22
9778	NA	3448	125.33
9780	NA	3448	148.1
9781	NA	3448	219.26
9784	NA	3448	240.51
9786	NA	3448	167.67
9789	NA	3448	257.44
9790	NA	3448	164.55
9792	NA	3448	156
9797	NA	3448	145.26
9798	NA	3448	197.01
9804	NA	3448	131.84
9805	NA	3448	173.16
9814	NA	3448	211.71
9816	NA	3448	285.26
9962	NA	3448	177.26
10153	NA	3448	86.5
10962	NA	3448	135.97
11006	NA	3448	226.98
11631	NA	3448	150.19
11749	NA	3448	150.19
11831	NA	3448	185.76
11834	NA	3448	174.15
11898	NA	3448	118.14
10075	NA	3450	97.23
10076	NA	3450	40.69
10077	NA	3450	90.21
10078	NA	3450	55.96
10256	NA	3450	65.51
10695	NA	3450	77.65
10108	NA	3451	82.16
10109	NA	3451	183.47
10111	NA	3451	159.75
10112	NA	3451	157.92
10113	NA	3451	202.45
11015	NA	3451	41.01
9986	NA	3461	355.99
9987	NA	3461	321.91
9990	NA	3461	259.33
9991	NA	3461	278.1
9993	NA	3461	695.21
9994	NA	3461	522.77
9997	NA	3461	205.64
9998	NA	3461	243.65
9999	NA	3461	254.58
10000	NA	3461	436.76
10002	NA	3461	417.86
10004	NA	3461	492.51
10005	NA	3461	360.6
10006	NA	3461	747.22
10007	NA	3461	355.12
10010	NA	3461	202.98
10011	NA	3461	204.05
10012	NA	3461	309.46
10983	NA	3461	250.9
11049	NA	3461	453.45
11050	NA	3461	324.44
11052	NA	3461	354.11
11053	NA	3461	484.4
11194	NA	3461	467.87
11197	NA	3461	343.62
11198	NA	3461	375.98
11199	NA	3461	328.93
11200	NA	3461	998.32
11201	NA	3461	172.96
11202	NA	3461	145.69
11649	NA	3461	351.43
9825	NA	3473	13720.86
10030	NA	3473	1670.86
9826	NA	3474	5394.4
9694	NA	3475	9007.63
9827	NA	3475	4927.05
9828	NA	3476	10476.15
9820	NA	3477	14645.24
10424	NA	3484	824.05
10752	NA	3484	668.04
11554	NA	3484	528.96
11652	NA	3484	885.61
11685	NA	3484	684.92
11686	NA	3484	611.27
11689	NA	3484	773.29
11690	NA	3484	1086.29
11691	NA	3484	918.75
11692	NA	3484	789.86
11695	NA	3484	1014.49
11696	NA	3484	1730.71
11946	NA	3484	1791.96
10665	NA	3485	126.15
10567	NA	3486	3369.48
10568	NA	3486	4219.7
10579	NA	3486	4137.14
10597	NA	3486	3530.31
12125	NA	3486	2797.76
10516	NA	3487	5905.42
10572	NA	3487	4895.05
10573	NA	3487	6477.85
10569	NA	3488	4226.56
10570	NA	3488	3778.55
12112	NA	3488	1520.25
10515	NA	3489	4775.96
11877	NA	3489	2473.78
10524	NA	3490	4565.45
10571	NA	3490	7827.56
11875	NA	3490	2096.83
12113	NA	3490	3365.97
10548	NA	3491	1163.76
10574	NA	3491	1631.63
11181	NA	3491	1198.71
12115	NA	3491	303.86
12119	NA	3491	867.24
12120	NA	3491	1260.69
10485	NA	3492	2999.62
10552	NA	3492	2153.82
12128	NA	3492	1128.1
10482	NA	3493	1160.08
10532	NA	3493	738.53
10596	NA	3493	844.06
11950	NA	3493	1401.24
12122	NA	3493	1475.69
10505	NA	3494	2559.98
10551	NA	3494	3479.11
10558	NA	3494	4067.47
12118	NA	3494	2282.1
10489	NA	3495	1470.04
10498	NA	3495	2506.02
10504	NA	3495	1599.01
10600	NA	3495	1848.55
11180	NA	3495	1123.5
11874	NA	3495	849.45
12039	NA	3495	1254.42
12127	NA	3495	4492.6
10494	NA	3496	605.2
10495	NA	3496	984.08
10510	NA	3496	578.71
10513	NA	3496	287.73
10540	NA	3496	446.45
10547	NA	3496	584.22
11699	NA	3496	596.05
11871	NA	3496	1385.72
11872	NA	3496	534.64
12114	NA	3496	672.14
12124	NA	3496	727.84
10553	NA	3497	973.99
11700	NA	3497	885.61
12129	NA	3497	802.75
12133	NA	3497	614.79
10492	NA	3498	771.66
10512	NA	3498	324.48
10549	NA	3498	1005.84
12121	NA	3498	412.55
12123	NA	3498	431.82
10484	NA	3499	736.77
11521	NA	3499	946.67
11878	NA	3499	1720.62
11879	NA	3499	796.71
12130	NA	3499	2285.36
10518	NA	3500	396.9
11171	NA	3500	1071.48
11175	NA	3500	334.4
11518	NA	3500	404.82
11519	NA	3500	779.23
11520	NA	3500	539.17
12117	NA	3500	532.85
12134	NA	3500	390.99
2562	NA	3501	404.4
10307	NA	3501	307.05
10309	NA	3501	226.8
10829	NA	3501	1339.01
1499	NA	3505	242.28
9265	NA	3505	229.3
10914	NA	3505	1181.55
11017	NA	3505	522.77
11018	NA	3505	360.6
12053	NA	3505	795.94
11172	NA	3506	123.13
11174	NA	3506	321.91
11517	NA	3506	220.18
11952	NA	3506	381.25
1952	NA	3507	891.36
6228	NA	3507	285.63
8462	NA	3507	539.33
10389	NA	3507	371.34
10390	NA	3507	218.26
10827	NA	3507	759.51
11246	NA	3507	340.02
11248	NA	3507	150.91
11249	NA	3507	222.53
11511	NA	3507	263.57
11679	NA	3507	342.9
2461	NA	3509	544.24
10302	NA	3509	356.35
10303	NA	3509	429.83
10306	NA	3509	108.53
10308	NA	3509	160.28
10830	NA	3509	146.4
11012	NA	3509	90.49
11229	NA	3509	98.8
11557	NA	3509	246.04
11558	NA	3509	192.81
11681	NA	3509	189.54
11682	NA	3509	133.27
11697	NA	3509	263.58
11756	NA	3509	320.89
11758	NA	3509	244.03
2110	NA	3514	284.25
5039	NA	3514	129.47
5102	NA	3514	60.65
7437	NA	3514	155.26
8980	NA	3514	65.02
8982	NA	3514	165.13
10670	NA	3514	74.03
11280	NA	3514	121.81
11173	NA	3515	75.18
12135	NA	3515	181.86
10744	NA	3526	235.81
11008	NA	3526	338.46
10813	NA	3538	829.48
11651	NA	3538	959.23
11653	NA	3538	578.85
11654	NA	3538	767.38
11655	NA	3538	661.54
11656	NA	3538	787.23
11657	NA	3538	416.77
11687	NA	3538	625.15
11688	NA	3538	529.23
11693	NA	3538	869.62
11694	NA	3538	965.85
10652	NA	3540	248.51
11114	NA	3540	106.59
10627	NA	3541	231.95
10636	NA	3541	145.76
10641	NA	3541	1084.92
10650	NA	3541	338.71
11920	NA	3541	166.31
10688	NA	3542	1339.01
10463	NA	3543	759.51
10466	NA	3543	288.29
10468	NA	3543	944.62
10469	NA	3543	767.09
10476	NA	3543	222.53
10603	NA	3544	137.56
10604	NA	3544	91.93
10605	NA	3544	270.68
10606	NA	3544	182.55
10607	NA	3544	235.85
10608	NA	3544	174.85
10609	NA	3544	344.2
10610	NA	3544	273.43
10611	NA	3544	172.8
10612	NA	3544	91.43
10614	NA	3544	116.01
10616	NA	3544	139.93
10617	NA	3544	141.75
10618	NA	3544	213.81
10620	NA	3544	166.43
10621	NA	3544	155.93
10623	NA	3544	137.95
10624	NA	3544	134.21
10626	NA	3544	125.53
10628	NA	3544	310.53
10630	NA	3544	134.93
10632	NA	3544	261.8
10633	NA	3544	109.62
10634	NA	3544	164.38
10635	NA	3544	95.87
10637	NA	3544	326.91
10638	NA	3544	195.87
10639	NA	3544	96.55
10640	NA	3544	97.25
10642	NA	3544	191.55
10643	NA	3544	100.5
10645	NA	3544	82.8
10646	NA	3544	314.57
10647	NA	3544	173.03
10648	NA	3544	208.63
10649	NA	3544	132.39
10651	NA	3544	127.69
10950	NA	3544	216.04
10951	NA	3544	120.28
10661	NA	3545	153.36
10662	NA	3545	171.44
10663	NA	3545	117.21
10664	NA	3545	126.52
10731	NA	3545	155.67
11608	NA	3545	144.84
10689	NA	3546	146.4
10462	NA	3547	69.17
10464	NA	3547	105.43
10467	NA	3547	134.6
10471	NA	3547	241.17
10472	NA	3547	73.7
10473	NA	3547	559.31
10474	NA	3547	177.29
10475	NA	3547	154.93
10477	NA	3547	70.92
10613	NA	3548	150.28
10615	NA	3548	180.66
10619	NA	3548	143.51
10622	NA	3548	98.91
10625	NA	3548	141.71
10629	NA	3548	106.01
10631	NA	3548	136.37
12047	NA	3548	41.65
10465	NA	3549	97.55
10470	NA	3549	98.21
10478	NA	3549	189.84
10922	NA	3549	14.41
10923	NA	3549	75.97
10924	NA	3549	122.62
11585	NA	3549	65.45
11903	NA	3549	101.48
9988	NA	3550	334.4
9989	NA	3550	567.28
10984	NA	3550	371.65
10986	NA	3550	460.61
10987	NA	3550	693.11
11102	NA	3550	908.36
11192	NA	3550	847.47
11193	NA	3550	256.82
11195	NA	3550	505.09
11196	NA	3550	377.42
9984	NA	3551	75.18
9985	NA	3551	231.71
9992	NA	3551	294.59
9995	NA	3551	191.85
9996	NA	3551	170.72
10001	NA	3551	268.35
10003	NA	3551	379.58
10008	NA	3551	84.58
10009	NA	3551	136.23
10988	NA	3551	88.59
11048	NA	3551	162.84
11051	NA	3551	184.73
11054	NA	3551	295.18
11203	NA	3551	167.29
11271	NA	3567	412.89
11282	NA	3568	1576.99
11297	NA	3571	208.7
11298	NA	3572	43.83
11301	NA	3573	99.97
11307	NA	3573	211.85
11308	NA	3573	158.41
11309	NA	3573	362.96
11322	NA	3573	304.06
11326	NA	3573	439.3
11328	NA	3573	159.16
11337	NA	3573	159.59
11338	NA	3573	124.58
11340	NA	3573	82.7
11353	NA	3573	293.86
11367	NA	3573	159.8
11371	NA	3573	243.89
11381	NA	3573	197.36
11382	NA	3573	231.87
11383	NA	3573	188.8
11384	NA	3573	190.87
11385	NA	3573	220.49
11386	NA	3573	531.68
11387	NA	3573	301.54
11388	NA	3573	308.04
11390	NA	3573	241.24
11391	NA	3573	206.08
11394	NA	3573	323.35
11395	NA	3573	160.37
11396	NA	3573	165.37
11398	NA	3573	205.28
11399	NA	3573	242.91
11400	NA	3573	222.1
11401	NA	3573	417.52
11402	NA	3573	201.54
11403	NA	3573	242.22
11404	NA	3573	217.12
11405	NA	3573	135.33
11406	NA	3573	155.09
11407	NA	3573	277.51
11408	NA	3573	227.33
11409	NA	3573	149.59
11410	NA	3573	110.73
11412	NA	3573	167.65
11413	NA	3573	241.44
11416	NA	3573	94.32
11417	NA	3573	367.59
11418	NA	3573	181.04
11419	NA	3573	594.22
11420	NA	3573	278.81
11424	NA	3573	132.24
11430	NA	3573	143.13
11437	NA	3573	442.2
11441	NA	3573	190.5
11449	NA	3573	155.05
11464	NA	3573	384.87
11473	NA	3573	382.19
11478	NA	3573	345.97
11485	NA	3573	112.3
11488	NA	3573	198.91
11910	NA	3573	183.45
11929	NA	3573	153.75
11930	NA	3573	110.07
11931	NA	3573	92.6
11932	NA	3573	109.2
11933	NA	3573	113.56
11937	NA	3573	174.71
11972	NA	3573	12.46
11296	NA	3574	102.54
11302	NA	3574	109.72
11303	NA	3574	179.21
11305	NA	3574	119.14
11310	NA	3574	135.68
11311	NA	3574	103.68
11313	NA	3574	105.45
11314	NA	3574	76.78
11315	NA	3574	110.91
11318	NA	3574	122.85
11319	NA	3574	107.13
11321	NA	3574	258.76
11323	NA	3574	170.37
11324	NA	3574	111.23
11327	NA	3574	211.66
11329	NA	3574	88.29
11330	NA	3574	107.54
11331	NA	3574	108.29
11333	NA	3574	122.55
11334	NA	3574	75.32
11335	NA	3574	124.02
11341	NA	3574	163
11342	NA	3574	63.35
11343	NA	3574	248.49
11344	NA	3574	170.31
11345	NA	3574	81.26
11346	NA	3574	120.79
11347	NA	3574	133.18
11348	NA	3574	86.62
11350	NA	3574	116.19
11354	NA	3574	64.71
11355	NA	3574	130.99
11356	NA	3574	106.29
11357	NA	3574	118.76
11358	NA	3574	69.47
11361	NA	3574	132.43
11363	NA	3574	73.2
11366	NA	3574	55.22
11368	NA	3574	67.66
11369	NA	3574	158.14
11372	NA	3574	141.54
11373	NA	3574	94.87
11374	NA	3574	110.45
11375	NA	3574	108.67
11376	NA	3574	111.49
11422	NA	3574	131.88
11423	NA	3574	63.45
11427	NA	3574	108.38
11428	NA	3574	58.93
11429	NA	3574	72.8
11432	NA	3574	93.08
11433	NA	3574	97.56
11434	NA	3574	250.44
11435	NA	3574	51.77
11436	NA	3574	134.2
11438	NA	3574	106.87
11440	NA	3574	313.21
11443	NA	3574	165.39
11444	NA	3574	127.37
11445	NA	3574	76.43
11446	NA	3574	118.44
11448	NA	3574	50.47
11450	NA	3574	107.08
11451	NA	3574	35.49
11455	NA	3574	141.52
11456	NA	3574	165.61
11457	NA	3574	80.4
11459	NA	3574	107.36
11460	NA	3574	86.33
11461	NA	3574	82.05
11462	NA	3574	146.48
11463	NA	3574	176.93
11465	NA	3574	51.17
11467	NA	3574	243.32
11468	NA	3574	144.98
11469	NA	3574	128.23
11470	NA	3574	43.06
11472	NA	3574	139.04
11474	NA	3574	71.69
11475	NA	3574	147.44
11476	NA	3574	84.23
11479	NA	3574	154.15
11480	NA	3574	92.21
11481	NA	3574	193.01
11482	NA	3574	97.8
11483	NA	3574	78.24
11486	NA	3574	138.54
11489	NA	3574	92.56
11540	NA	3574	133.12
11541	NA	3574	158.08
11569	NA	3574	149.98
11570	NA	3574	133.32
11630	NA	3574	96.65
11661	NA	3574	82.18
11662	NA	3574	111.29
11825	NA	3574	77.7
11911	NA	3574	152.72
11916	NA	3574	133.64
11934	NA	3574	120.27
11935	NA	3574	131.37
11936	NA	3574	123.16
11971	NA	3574	17.42
11974	NA	3574	8.15
12016	NA	3574	10
12021	NA	3574	11.2
11300	NA	3575	42.49
11304	NA	3575	84.2
11306	NA	3575	76.06
11312	NA	3575	154.08
11317	NA	3575	86.18
11320	NA	3575	124.05
11332	NA	3575	115.96
11336	NA	3575	81.44
11339	NA	3575	107.64
11351	NA	3575	96.89
11352	NA	3575	84.58
11359	NA	3575	74.95
11360	NA	3575	90.29
11362	NA	3575	88.38
11365	NA	3575	52.46
11370	NA	3575	118.7
11377	NA	3575	82.15
11378	NA	3575	101.34
11379	NA	3575	78.86
11425	NA	3575	111.39
11426	NA	3575	109.58
11431	NA	3575	66.38
11439	NA	3575	57.05
11442	NA	3575	79.86
11452	NA	3575	69.09
11453	NA	3575	88.37
11454	NA	3575	65.15
11471	NA	3575	156.2
11477	NA	3575	62.39
11484	NA	3575	57.03
11487	NA	3575	92.72
11490	NA	3575	136.3
11491	NA	3575	56.1
11499	NA	3575	78.78
11892	NA	3575	88.45
12050	NA	3575	83.12
11392	NA	3576	207.14
11393	NA	3576	406.67
11411	NA	3576	219.74
11414	NA	3576	180.15
11415	NA	3576	322.73
11421	NA	3576	390.35
11458	NA	3576	618.38
11292	NA	3577	248.01
11293	NA	3577	163.85
11294	NA	3577	349.25
11508	NA	3577	222.4
11747	NA	3577	142.06
11295	NA	3578	725.82
11592	NA	3579	552.64
11600	NA	3579	578.89
11586	NA	3580	226.61
11590	NA	3580	276.65
11591	NA	3580	226
11599	NA	3580	226.62
11753	NA	3580	163.51
11754	NA	3580	111.1
11912	NA	3580	110.52
11587	NA	3581	679.04
11588	NA	3581	773.9
11589	NA	3581	1101.77
11593	NA	3581	612.46
11594	NA	3581	823.83
11595	NA	3581	903.72
11596	NA	3581	569.19
11597	NA	3581	1145.04
11598	NA	3581	832.15
11607	NA	3596	189.09
11744	NA	3602	375.51
11803	NA	3603	3187.82
11805	NA	3603	2096.83
11901	NA	3603	3118.56
11808	NA	3604	4967.03
11810	NA	3604	2473.78
